dMaxGradAmpl=38.8;
NumberOfLaunTrackPoints=0;
NumberOfLoopPoints=175;
NumberOfBrakeRunPoints=0;
dGradientValues{1}(1) = complex(0,0);
dGradientValues{1}(2) = complex(0.000674235,7.84578e-006);
dGradientValues{1}(3) = complex(0.00387794,0.000259475);
dGradientValues{1}(4) = complex(0.00717214,0.00140232);
dGradientValues{1}(5) = complex(0.00951464,0.00389981);
dGradientValues{1}(6) = complex(0.0104517,0.00774892);
dGradientValues{1}(7) = complex(0.00950488,0.0125325);
dGradientValues{1}(8) = complex(0.00633478,0.0175167);
dGradientValues{1}(9) = complex(0.000879713,0.0217868);
dGradientValues{1}(10) = complex(-0.00657235,0.024408);
dGradientValues{1}(11) = complex(-0.0153905,0.0245845);
dGradientValues{1}(12) = complex(-0.0246753,0.0217909);
dGradientValues{1}(13) = complex(-0.0333782,0.0158538);
dGradientValues{1}(14) = complex(-0.0404389,0.00697849);
dGradientValues{1}(15) = complex(-0.0449169,-0.00427899);
dGradientValues{1}(16) = complex(-0.0460981,-0.0170808);
dGradientValues{1}(17) = complex(-0.0435669,-0.0304043);
dGradientValues{1}(18) = complex(-0.037239,-0.0431498);
dGradientValues{1}(19) = complex(-0.0273574,-0.0542469);
dGradientValues{1}(20) = complex(-0.0144577,-0.0627475);
dGradientValues{1}(21) = complex(0.000688888,-0.0678985);
dGradientValues{1}(22) = complex(0.0171472,-0.069191);
dGradientValues{1}(23) = complex(0.0338953,-0.066386);
dGradientValues{1}(24) = complex(0.0499004,-0.0595162);
dGradientValues{1}(25) = complex(0.0641882,-0.0488695);
dGradientValues{1}(26) = complex(0.0759006,-0.0349566);
dGradientValues{1}(27) = complex(0.0843417,-0.0184674);
dGradientValues{1}(28) = complex(0.0890079,-0.000221453);
dGradientValues{1}(29) = complex(0.0896054,0.0188848);
dGradientValues{1}(30) = complex(0.0860536,0.0379301);
dGradientValues{1}(31) = complex(0.0784768,0.0560161);
dGradientValues{1}(32) = complex(0.067187,0.0723107);
dGradientValues{1}(33) = complex(0.0526584,0.0860834);
dGradientValues{1}(34) = complex(0.0354967,0.0967327);
dGradientValues{1}(35) = complex(0.0164054,0.103806);
dGradientValues{1}(36) = complex(-0.00384964,0.107009);
dGradientValues{1}(37) = complex(-0.0244754,0.106214);
dGradientValues{1}(38) = complex(-0.0446843,0.10145);
dGradientValues{1}(39) = complex(-0.0637254,0.0928968);
dGradientValues{1}(40) = complex(-0.0809099,0.0808711);
dGradientValues{1}(41) = complex(-0.0956341,0.0658058);
dGradientValues{1}(42) = complex(-0.107396,0.04823);
dGradientValues{1}(43) = complex(-0.11581,0.0287451);
dGradientValues{1}(44) = complex(-0.120609,0.00800151);
dGradientValues{1}(45) = complex(-0.121656,-0.013326);
dGradientValues{1}(46) = complex(-0.118932,-0.034561);
dGradientValues{1}(47) = complex(-0.112543,-0.0550466);
dGradientValues{1}(48) = complex(-0.102699,-0.0741656);
dGradientValues{1}(49) = complex(-0.0897122,-0.091357);
dGradientValues{1}(50) = complex(-0.0739792,-0.10613);
dGradientValues{1}(51) = complex(-0.0559658,-0.118076);
dGradientValues{1}(52) = complex(-0.0361915,-0.126876);
dGradientValues{1}(53) = complex(-0.0152127,-0.132307);
dGradientValues{1}(54) = complex(0.00639457,-0.134241);
dGradientValues{1}(55) = complex(0.0280505,-0.132649);
dGradientValues{1}(56) = complex(0.0491872,-0.127595);
dGradientValues{1}(57) = complex(0.0692633,-0.119231);
dGradientValues{1}(58) = complex(0.0877762,-0.107791);
dGradientValues{1}(59) = complex(0.104274,-0.0935797);
dGradientValues{1}(60) = complex(0.118364,-0.0769644);
dGradientValues{1}(61) = complex(0.12972,-0.0583632);
dGradientValues{1}(62) = complex(0.13809,-0.0382325);
dGradientValues{1}(63) = complex(0.143295,-0.0170556);
dGradientValues{1}(64) = complex(0.145237,0.00466998);
dGradientValues{1}(65) = complex(0.14389,0.0264443);
dGradientValues{1}(66) = complex(0.139308,0.0477762);
dGradientValues{1}(67) = complex(0.131611,0.0681942);
dGradientValues{1}(68) = complex(0.12099,0.0872562);
dGradientValues{1}(69) = complex(0.107693,0.104558);
dGradientValues{1}(70) = complex(0.0920199,0.11974);
dGradientValues{1}(71) = complex(0.0743175,0.132497);
dGradientValues{1}(72) = complex(0.0549674,0.142575);
dGradientValues{1}(73) = complex(0.0343781,0.149786);
dGradientValues{1}(74) = complex(0.0129765,0.153999);
dGradientValues{1}(75) = complex(-0.00880234,0.155148);
dGradientValues{1}(76) = complex(-0.030523,0.153229);
dGradientValues{1}(77) = complex(-0.0517591,0.148297);
dGradientValues{1}(78) = complex(-0.0721007,0.140467);
dGradientValues{1}(79) = complex(-0.0911622,0.129905);
dGradientValues{1}(80) = complex(-0.108589,0.11683);
dGradientValues{1}(81) = complex(-0.124062,0.1015);
dGradientValues{1}(82) = complex(-0.137306,0.0842142);
dGradientValues{1}(83) = complex(-0.148088,0.0653019);
dGradientValues{1}(84) = complex(-0.156227,0.0451169);
dGradientValues{1}(85) = complex(-0.16159,0.0240302);
dGradientValues{1}(86) = complex(-0.164097,0.00242353);
dGradientValues{1}(87) = complex(-0.163718,-0.0193184);
dGradientValues{1}(88) = complex(-0.160477,-0.040814);
dGradientValues{1}(89) = complex(-0.154445,-0.061692);
dGradientValues{1}(90) = complex(-0.14574,-0.0815969);
dGradientValues{1}(91) = complex(-0.134524,-0.100195);
dGradientValues{1}(92) = complex(-0.120999,-0.11718);
dGradientValues{1}(93) = complex(-0.105404,-0.132276);
dGradientValues{1}(94) = complex(-0.0880072,-0.145242);
dGradientValues{1}(95) = complex(-0.0691028,-0.155877);
dGradientValues{1}(96) = complex(-0.0490063,-0.16402);
dGradientValues{1}(97) = complex(-0.0280474,-0.169551);
dGradientValues{1}(98) = complex(-0.00656548,-0.172394);
dGradientValues{1}(99) = complex(0.0150963,-0.172518);
dGradientValues{1}(100) = complex(0.0365967,-0.169934);
dGradientValues{1}(101) = complex(0.0576011,-0.164695);
dGradientValues{1}(102) = complex(0.0777871,-0.156895);
dGradientValues{1}(103) = complex(0.0968489,-0.146664);
dGradientValues{1}(104) = complex(0.114502,-0.13417);
dGradientValues{1}(105) = complex(0.130485,-0.119613);
dGradientValues{1}(106) = complex(0.144568,-0.103218);
dGradientValues{1}(107) = complex(0.156548,-0.0852385);
dGradientValues{1}(108) = complex(0.16626,-0.0659464);
dGradientValues{1}(109) = complex(0.17357,-0.04563);
dGradientValues{1}(110) = complex(0.178383,-0.0245887);
dGradientValues{1}(111) = complex(0.18064,-0.0031293);
dGradientValues{1}(112) = complex(0.18032,0.0184393);
dGradientValues{1}(113) = complex(0.177438,0.0398099);
dGradientValues{1}(114) = complex(0.172045,0.0606819);
dGradientValues{1}(115) = complex(0.164228,0.0807649);
dGradientValues{1}(116) = complex(0.154105,0.0997826);
dGradientValues{1}(117) = complex(0.141826,0.117477);
dGradientValues{1}(118) = complex(0.127567,0.133609);
dGradientValues{1}(119) = complex(0.111532,0.147968);
dGradientValues{1}(120) = complex(0.0939433,0.160363);
dGradientValues{1}(121) = complex(0.0750443,0.170638);
dGradientValues{1}(122) = complex(0.0550926,0.178662);
dGradientValues{1}(123) = complex(0.0343569,0.184339);
dGradientValues{1}(124) = complex(0.0131136,0.187601);
dGradientValues{1}(125) = complex(-0.00835714,0.188416);
dGradientValues{1}(126) = complex(-0.0297749,0.186782);
dGradientValues{1}(127) = complex(-0.0508628,0.182729);
dGradientValues{1}(128) = complex(-0.0713511,0.176318);
dGradientValues{1}(129) = complex(-0.0909801,0.16764);
dGradientValues{1}(130) = complex(-0.109504,0.156813);
dGradientValues{1}(131) = complex(-0.126692,0.143982);
dGradientValues{1}(132) = complex(-0.142335,0.129313);
dGradientValues{1}(133) = complex(-0.156242,0.112998);
dGradientValues{1}(134) = complex(-0.168247,0.0952433);
dGradientValues{1}(135) = complex(-0.178209,0.0762731);
dGradientValues{1}(136) = complex(-0.186013,0.0563238);
dGradientValues{1}(137) = complex(-0.19157,0.0356419);
dGradientValues{1}(138) = complex(-0.194822,0.0144802);
dGradientValues{1}(139) = complex(-0.195737,-0.00690481);
dGradientValues{1}(140) = complex(-0.194311,-0.0282564);
