dMaxGradAmpl=38.8;
NumberOfLaunTrackPoints=0;
NumberOfLoopPoints=149;
NumberOfBrakeRunPoints=0;
dGradientValues{1}(1) = complex(0,0);
dGradientValues{1}(2) = complex(0.00122754,3.69814e-006);
dGradientValues{1}(3) = complex(0.00724278,0.000128579);
dGradientValues{1}(4) = complex(0.0140831,0.000739041);
dGradientValues{1}(5) = complex(0.0203652,0.00222079);
dGradientValues{1}(6) = complex(0.0259546,0.00484535);
dGradientValues{1}(7) = complex(0.0306822,0.00876641);
dGradientValues{1}(8) = complex(0.0343419,0.0140247);
dGradientValues{1}(9) = complex(0.0367027,0.0205548);
dGradientValues{1}(10) = complex(0.0375267,0.0281933);
dGradientValues{1}(11) = complex(0.0365916,0.0366891);
dGradientValues{1}(12) = complex(0.033711,0.0457169);
dGradientValues{1}(13) = complex(0.0287539,0.0548921);
dGradientValues{1}(14) = complex(0.0216594,0.0637892);
dGradientValues{1}(15) = complex(0.0124475,0.0719611);
dGradientValues{1}(16) = complex(0.00122437,0.0789595);
dGradientValues{1}(17) = complex(-0.0118171,0.0843547);
dGradientValues{1}(18) = complex(-0.0264018,0.0877547);
dGradientValues{1}(19) = complex(-0.0421807,0.0888217);
dGradientValues{1}(20) = complex(-0.0587424,0.0872868);
dGradientValues{1}(21) = complex(-0.0756282,0.08296);
dGradientValues{1}(22) = complex(-0.0923473,0.0757384);
dGradientValues{1}(23) = complex(-0.108395,0.0656096);
dGradientValues{1}(24) = complex(-0.123267,0.0526521);
dGradientValues{1}(25) = complex(-0.136481,0.0370325);
dGradientValues{1}(26) = complex(-0.147585,0.0189995);
dGradientValues{1}(27) = complex(-0.156175,-0.00112416);
dGradientValues{1}(28) = complex(-0.161908,-0.0229523);
dGradientValues{1}(29) = complex(-0.164503,-0.0460465);
dGradientValues{1}(30) = complex(-0.163759,-0.0699295);
dGradientValues{1}(31) = complex(-0.159547,-0.0940979);
dGradientValues{1}(32) = complex(-0.151823,-0.118035);
dGradientValues{1}(33) = complex(-0.14062,-0.141226);
dGradientValues{1}(34) = complex(-0.126046,-0.163167);
dGradientValues{1}(35) = complex(-0.108286,-0.183378);
dGradientValues{1}(36) = complex(-0.087589,-0.201413);
dGradientValues{1}(37) = complex(-0.0642645,-0.21687);
dGradientValues{1}(38) = complex(-0.0386743,-0.229396);
dGradientValues{1}(39) = complex(-0.0112233,-0.238695);
dGradientValues{1}(40) = complex(0.0176495,-0.24453);
dGradientValues{1}(41) = complex(0.0474805,-0.246728);
dGradientValues{1}(42) = complex(0.0777905,-0.245182);
dGradientValues{1}(43) = complex(0.108095,-0.239849);
dGradientValues{1}(44) = complex(0.13791,-0.23075);
dGradientValues{1}(45) = complex(0.166765,-0.217967);
dGradientValues{1}(46) = complex(0.194207,-0.201642);
dGradientValues{1}(47) = complex(0.219809,-0.181972);
dGradientValues{1}(48) = complex(0.243173,-0.159201);
dGradientValues{1}(49) = complex(0.263942,-0.133619);
dGradientValues{1}(50) = complex(0.281797,-0.105556);
dGradientValues{1}(51) = complex(0.296467,-0.075373);
dGradientValues{1}(52) = complex(0.307725,-0.0434568);
dGradientValues{1}(53) = complex(0.315396,-0.0102152);
dGradientValues{1}(54) = complex(0.319354,0.0239309);
dGradientValues{1}(55) = complex(0.319525,0.0585529);
dGradientValues{1}(56) = complex(0.315883,0.0932212);
dGradientValues{1}(57) = complex(0.308454,0.12751);
dGradientValues{1}(58) = complex(0.297308,0.161005);
dGradientValues{1}(59) = complex(0.282561,0.193303);
dGradientValues{1}(60) = complex(0.264373,0.224025);
dGradientValues{1}(61) = complex(0.24294,0.252811);
dGradientValues{1}(62) = complex(0.218495,0.279331);
dGradientValues{1}(63) = complex(0.191303,0.303283);
dGradientValues{1}(64) = complex(0.161656,0.324401);
dGradientValues{1}(65) = complex(0.12987,0.342452);
dGradientValues{1}(66) = complex(0.0962789,0.357238);
dGradientValues{1}(67) = complex(0.0612338,0.368601);
dGradientValues{1}(68) = complex(0.0250952,0.376422);
dGradientValues{1}(69) = complex(-0.0117692,0.380618);
dGradientValues{1}(70) = complex(-0.0489893,0.381148);
dGradientValues{1}(71) = complex(-0.0861962,0.378005);
dGradientValues{1}(72) = complex(-0.123026,0.371221);
dGradientValues{1}(73) = complex(-0.159124,0.360863);
dGradientValues{1}(74) = complex(-0.194146,0.347032);
dGradientValues{1}(75) = complex(-0.227764,0.329862);
dGradientValues{1}(76) = complex(-0.259667,0.309514);
dGradientValues{1}(77) = complex(-0.289565,0.28618);
dGradientValues{1}(78) = complex(-0.317189,0.260076);
dGradientValues{1}(79) = complex(-0.342296,0.231438);
dGradientValues{1}(80) = complex(-0.364668,0.200524);
dGradientValues{1}(81) = complex(-0.384113,0.16761);
dGradientValues{1}(82) = complex(-0.400471,0.132982);
dGradientValues{1}(83) = complex(-0.413606,0.0969402);
dGradientValues{1}(84) = complex(-0.423414,0.0597925);
dGradientValues{1}(85) = complex(-0.429823,0.0218515);
dGradientValues{1}(86) = complex(-0.432785,-0.0165675);
dGradientValues{1}(87) = complex(-0.432285,-0.0551491);
dGradientValues{1}(88) = complex(-0.428337,-0.0935808);
dGradientValues{1}(89) = complex(-0.420979,-0.131555);
dGradientValues{1}(90) = complex(-0.41028,-0.168773);
dGradientValues{1}(91) = complex(-0.396333,-0.204944);
dGradientValues{1}(92) = complex(-0.379255,-0.239791);
dGradientValues{1}(93) = complex(-0.359185,-0.273049);
dGradientValues{1}(94) = complex(-0.336285,-0.30447);
dGradientValues{1}(95) = complex(-0.310736,-0.333822);
dGradientValues{1}(96) = complex(-0.282737,-0.360893);
dGradientValues{1}(97) = complex(-0.252502,-0.385489);
dGradientValues{1}(98) = complex(-0.220259,-0.407438);
dGradientValues{1}(99) = complex(-0.186248,-0.426588);
dGradientValues{1}(100) = complex(-0.150719,-0.442811);
dGradientValues{1}(101) = complex(-0.113931,-0.455999);
dGradientValues{1}(102) = complex(-0.0761465,-0.466071);
dGradientValues{1}(103) = complex(-0.0376337,-0.472964);
dGradientValues{1}(104) = complex(0.00133787,-0.476642);
dGradientValues{1}(105) = complex(0.0404988,-0.47709);
dGradientValues{1}(106) = complex(0.0795815,-0.474314);
dGradientValues{1}(107) = complex(0.118322,-0.468345);
dGradientValues{1}(108) = complex(0.156461,-0.459233);
dGradientValues{1}(109) = complex(0.193748,-0.447048);
dGradientValues{1}(110) = complex(0.22994,-0.431882);
dGradientValues{1}(111) = complex(0.264803,-0.413843);
dGradientValues{1}(112) = complex(0.298115,-0.393058);
dGradientValues{1}(113) = complex(0.329667,-0.36967);
dGradientValues{1}(114) = complex(0.359265,-0.343837);
dGradientValues{1}(115) = complex(0.386726,-0.315731);
dGradientValues{1}(116) = complex(0.411885,-0.285536);
dGradientValues{1}(117) = complex(0.434592,-0.253448);
dGradientValues{1}(118) = complex(0.454716,-0.219671);
dGradientValues{1}(119) = complex(0.472142,-0.184419);
dGradientValues{1}(120) = complex(0.486771,-0.147911);
dGradientValues{1}(121) = complex(0.498526,-0.110374);
dGradientValues{1}(122) = complex(0.507344,-0.0720362);
dGradientValues{1}(123) = complex(0.513182,-0.0331288);
dGradientValues{1}(124) = complex(0.516017,0.00611545);
dGradientValues{1}(125) = complex(0.515842,0.0454645);
dGradientValues{1}(126) = complex(0.512666,0.0846881);
dGradientValues{1}(127) = complex(0.50652,0.123559);
dGradientValues{1}(128) = complex(0.497447,0.161855);
dGradientValues{1}(129) = complex(0.485511,0.199357);
dGradientValues{1}(130) = complex(0.470787,0.235857);
dGradientValues{1}(131) = complex(0.453368,0.27115);
dGradientValues{1}(132) = complex(0.43336,0.305043);
dGradientValues{1}(133) = complex(0.410885,0.337352);
dGradientValues{1}(134) = complex(0.386073,0.367902);
dGradientValues{1}(135) = complex(0.359069,0.396532);
dGradientValues{1}(136) = complex(0.330028,0.423091);
dGradientValues{1}(137) = complex(0.299114,0.447442);
dGradientValues{1}(138) = complex(0.266499,0.46946);
dGradientValues{1}(139) = complex(0.232365,0.489035);
dGradientValues{1}(140) = complex(0.196897,0.506069);
dGradientValues{1}(141) = complex(0.160288,0.520482);
dGradientValues{1}(142) = complex(0.122735,0.532205);
