dMaxGradAmpl=38.8;
NumberOfLaunTrackPoints=0;
NumberOfLoopPoints=152;
NumberOfBrakeRunPoints=0;
NumberOfRewinderPoints=48;
dGradientValues{1}(1) = complex(0,0);
dGradientValues{1}(2) = complex(0.00124494,3.54973e-006);
dGradientValues{1}(3) = complex(0.00734989,0.000123572);
dGradientValues{1}(4) = complex(0.0143065,0.000711348);
dGradientValues{1}(5) = complex(0.0207193,0.00214156);
dGradientValues{1}(6) = complex(0.0264611,0.00468249);
dGradientValues{1}(7) = complex(0.0313733,0.00849215);
dGradientValues{1}(8) = complex(0.0352621,0.0136225);
dGradientValues{1}(9) = complex(0.0379079,0.0200255);
dGradientValues{1}(10) = complex(0.0390822,0.0275602);
dGradientValues{1}(11) = complex(0.0385666,0.0360018);
dGradientValues{1}(12) = complex(0.0361725,0.0450533);
dGradientValues{1}(13) = complex(0.0317585,0.0543586);
dGradientValues{1}(14) = complex(0.0252457,0.0635187);
dGradientValues{1}(15) = complex(0.0166282,0.0721088);
dGradientValues{1}(16) = complex(0.00597945,0.0796967);
dGradientValues{1}(17) = complex(-0.00654594,0.0858613);
dGradientValues{1}(18) = complex(-0.0207143,0.0902098);
dGradientValues{1}(19) = complex(-0.0362192,0.0923944);
dGradientValues{1}(20) = complex(-0.0526913,0.0921256);
dGradientValues{1}(21) = complex(-0.0697099,0.089184);
dGradientValues{1}(22) = complex(-0.0868176,0.083428);
dGradientValues{1}(23) = complex(-0.103535,0.0747993);
dGradientValues{1}(24) = complex(-0.119376,0.0633247);
dGradientValues{1}(25) = complex(-0.133863,0.0491153);
dGradientValues{1}(26) = complex(-0.146543,0.0323621);
dGradientValues{1}(27) = complex(-0.156998,0.0133306);
dGradientValues{1}(28) = complex(-0.164858,-0.00764812);
dGradientValues{1}(29) = complex(-0.169811,-0.0301867);
dGradientValues{1}(30) = complex(-0.171609,-0.0538529);
dGradientValues{1}(31) = complex(-0.170075,-0.078181);
dGradientValues{1}(32) = complex(-0.165105,-0.102684);
dGradientValues{1}(33) = complex(-0.15667,-0.126866);
dGradientValues{1}(34) = complex(-0.144814,-0.150232);
dGradientValues{1}(35) = complex(-0.129654,-0.172303);
dGradientValues{1}(36) = complex(-0.111372,-0.192621);
dGradientValues{1}(37) = complex(-0.0902139,-0.210762);
dGradientValues{1}(38) = complex(-0.0664795,-0.226341);
dGradientValues{1}(39) = complex(-0.0405177,-0.239024);
dGradientValues{1}(40) = complex(-0.0127173,-0.248524);
dGradientValues{1}(41) = complex(0.0165009,-0.254614);
dGradientValues{1}(42) = complex(0.0466931,-0.257126);
dGradientValues{1}(43) = complex(0.0774003,-0.255951);
dGradientValues{1}(44) = complex(0.108157,-0.251042);
dGradientValues{1}(45) = complex(0.1385,-0.242411);
dGradientValues{1}(46) = complex(0.167973,-0.230129);
dGradientValues{1}(47) = complex(0.196139,-0.21432);
dGradientValues{1}(48) = complex(0.222582,-0.195164);
dGradientValues{1}(49) = complex(0.246914,-0.172883);
dGradientValues{1}(50) = complex(0.26878,-0.147747);
dGradientValues{1}(51) = complex(0.287864,-0.120059);
dGradientValues{1}(52) = complex(0.303889,-0.0901576);
dGradientValues{1}(53) = complex(0.316625,-0.0584063);
dGradientValues{1}(54) = complex(0.325883,-0.0251896);
dGradientValues{1}(55) = complex(0.331525,0.00909297);
dGradientValues{1}(56) = complex(0.333457,0.0440327);
dGradientValues{1}(57) = complex(0.331634,0.079217);
dGradientValues{1}(58) = complex(0.326057,0.114235);
dGradientValues{1}(59) = complex(0.316771,0.148682);
dGradientValues{1}(60) = complex(0.303866,0.182167);
dGradientValues{1}(61) = complex(0.287469,0.21431);
dGradientValues{1}(62) = complex(0.26775,0.244756);
dGradientValues{1}(63) = complex(0.244911,0.273169);
dGradientValues{1}(64) = complex(0.219187,0.299244);
dGradientValues{1}(65) = complex(0.19084,0.322699);
dGradientValues{1}(66) = complex(0.160157,0.34329);
dGradientValues{1}(67) = complex(0.127449,0.360801);
dGradientValues{1}(68) = complex(0.0930383,0.375053);
dGradientValues{1}(69) = complex(0.0572653,0.385902);
dGradientValues{1}(70) = complex(0.0204772,0.393239);
dGradientValues{1}(71) = complex(-0.0169725,0.396993);
dGradientValues{1}(72) = complex(-0.0547285,0.397127);
dGradientValues{1}(73) = complex(-0.0924374,0.39364);
dGradientValues{1}(74) = complex(-0.12975,0.386565);
dGradientValues{1}(75) = complex(-0.166327,0.375968);
dGradientValues{1}(76) = complex(-0.201839,0.361947);
dGradientValues{1}(77) = complex(-0.235971,0.34463);
dGradientValues{1}(78) = complex(-0.268423,0.324172);
dGradientValues{1}(79) = complex(-0.298916,0.300755);
dGradientValues{1}(80) = complex(-0.327191,0.274583);
dGradientValues{1}(81) = complex(-0.353012,0.245882);
dGradientValues{1}(82) = complex(-0.376165,0.214898);
dGradientValues{1}(83) = complex(-0.396463,0.18189);
dGradientValues{1}(84) = complex(-0.413746,0.147133);
dGradientValues{1}(85) = complex(-0.427878,0.110913);
dGradientValues{1}(86) = complex(-0.438753,0.073522);
dGradientValues{1}(87) = complex(-0.446292,0.0352599);
dGradientValues{1}(88) = complex(-0.450443,-0.00357137);
dGradientValues{1}(89) = complex(-0.451182,-0.0426689);
dGradientValues{1}(90) = complex(-0.448511,-0.0817317);
dGradientValues{1}(91) = complex(-0.442458,-0.120463);
dGradientValues{1}(92) = complex(-0.433078,-0.158571);
dGradientValues{1}(93) = complex(-0.42045,-0.195774);
dGradientValues{1}(94) = complex(-0.404676,-0.2318);
dGradientValues{1}(95) = complex(-0.385878,-0.266389);
dGradientValues{1}(96) = complex(-0.364202,-0.299294);
dGradientValues{1}(97) = complex(-0.339812,-0.330284);
dGradientValues{1}(98) = complex(-0.312887,-0.359144);
dGradientValues{1}(99) = complex(-0.283626,-0.385678);
dGradientValues{1}(100) = complex(-0.252238,-0.409707);
dGradientValues{1}(101) = complex(-0.218947,-0.431073);
dGradientValues{1}(102) = complex(-0.183987,-0.449638);
dGradientValues{1}(103) = complex(-0.147601,-0.465283);
dGradientValues{1}(104) = complex(-0.110036,-0.477914);
dGradientValues{1}(105) = complex(-0.0715474,-0.487454);
dGradientValues{1}(106) = complex(-0.0323926,-0.493851);
dGradientValues{1}(107) = complex(0.00716979,-0.497072);
dGradientValues{1}(108) = complex(0.0468814,-0.497106);
dGradientValues{1}(109) = complex(0.0864857,-0.493964);
dGradientValues{1}(110) = complex(0.12573,-0.487675);
dGradientValues{1}(111) = complex(0.164366,-0.478289);
dGradientValues{1}(112) = complex(0.202154,-0.465876);
dGradientValues{1}(113) = complex(0.23886,-0.450522);
dGradientValues{1}(114) = complex(0.274259,-0.432333);
dGradientValues{1}(115) = complex(0.30814,-0.411428);
dGradientValues{1}(116) = complex(0.340301,-0.387945);
dGradientValues{1}(117) = complex(0.370552,-0.362033);
dGradientValues{1}(118) = complex(0.398719,-0.333857);
dGradientValues{1}(119) = complex(0.424639,-0.30359);
dGradientValues{1}(120) = complex(0.448168,-0.27142);
dGradientValues{1}(121) = complex(0.469175,-0.23754);
dGradientValues{1}(122) = complex(0.487546,-0.202155);
dGradientValues{1}(123) = complex(0.503183,-0.165473);
dGradientValues{1}(124) = complex(0.516005,-0.127709);
dGradientValues{1}(125) = complex(0.525948,-0.0890828);
dGradientValues{1}(126) = complex(0.532965,-0.0498152);
dGradientValues{1}(127) = complex(0.537026,-0.0101292);
dGradientValues{1}(128) = complex(0.538119,0.0297521);
dGradientValues{1}(129) = complex(0.536246,0.0696071);
dGradientValues{1}(130) = complex(0.531428,0.109216);
dGradientValues{1}(131) = complex(0.5237,0.148364);
dGradientValues{1}(132) = complex(0.513113,0.186838);
dGradientValues{1}(133) = complex(0.499735,0.224434);
dGradientValues{1}(134) = complex(0.483645,0.260952);
dGradientValues{1}(135) = complex(0.464939,0.296202);
dGradientValues{1}(136) = complex(0.443722,0.33);
dGradientValues{1}(137) = complex(0.420116,0.362175);
dGradientValues{1}(138) = complex(0.39425,0.392561);
dGradientValues{1}(139) = complex(0.366267,0.421008);
dGradientValues{1}(140) = complex(0.336317,0.447374);
dGradientValues{1}(141) = complex(0.304561,0.471532);
