dMaxGradAmpl=38.8;
NumberOfLaunTrackPoints=0;
NumberOfLoopPoints=166;
NumberOfBrakeRunPoints=0;
dGradientValues{1}(1) = complex(0,0);
dGradientValues{1}(2) = complex(0.000966551,6.43376e-006);
dGradientValues{1}(3) = complex(0.00563546,0.000218405);
dGradientValues{1}(4) = complex(0.0107211,0.00121908);
dGradientValues{1}(5) = complex(0.0149857,0.00353292);
dGradientValues{1}(6) = complex(0.0181182,0.00738715);
dGradientValues{1}(7) = complex(0.0197303,0.0127228);
dGradientValues{1}(8) = complex(0.0194169,0.0192258);
dGradientValues{1}(9) = complex(0.0168362,0.0263694);
dGradientValues{1}(10) = complex(0.0117848,0.0334718);
dGradientValues{1}(11) = complex(0.00425215,0.0397662);
dGradientValues{1}(12) = complex(-0.00555191,0.0444774);
dGradientValues{1}(13) = complex(-0.0171977,0.0468982);
dGradientValues{1}(14) = complex(-0.0300622,0.0464567);
dGradientValues{1}(15) = complex(-0.0433754,0.0427694);
dGradientValues{1}(16) = complex(-0.0562797,0.0356743);
dGradientValues{1}(17) = complex(-0.0678949,0.025245);
dGradientValues{1}(18) = complex(-0.0773818,0.0117841);
dGradientValues{1}(19) = complex(-0.0840002,-0.00419901);
dGradientValues{1}(20) = complex(-0.0871555,-0.0220251);
dGradientValues{1}(21) = complex(-0.0864329,-0.04089);
dGradientValues{1}(22) = complex(-0.0816182,-0.0599146);
dGradientValues{1}(23) = complex(-0.0727039,-0.0781963);
dGradientValues{1}(24) = complex(-0.0598842,-0.0948573);
dGradientValues{1}(25) = complex(-0.0435383,-0.109089);
dGradientValues{1}(26) = complex(-0.0242062,-0.120186);
dGradientValues{1}(27) = complex(-0.00255735,-0.127581);
dGradientValues{1}(28) = complex(0.0206431,-0.130856);
dGradientValues{1}(29) = complex(0.0445712,-0.129763);
dGradientValues{1}(30) = complex(0.0683795,-0.12422);
dGradientValues{1}(31) = complex(0.0912316,-0.114312);
dGradientValues{1}(32) = complex(0.112333,-0.100278);
dGradientValues{1}(33) = complex(0.130958,-0.0824978);
dGradientValues{1}(34) = complex(0.146472,-0.0614711);
dGradientValues{1}(35) = complex(0.158351,-0.0377962);
dGradientValues{1}(36) = complex(0.16619,-0.0121455);
dGradientValues{1}(37) = complex(0.169715,0.0147584);
dGradientValues{1}(38) = complex(0.16878,0.0421676);
dGradientValues{1}(39) = complex(0.163375,0.069332);
dGradientValues{1}(40) = complex(0.153609,0.0955212);
dGradientValues{1}(41) = complex(0.139711,0.120044);
dGradientValues{1}(42) = complex(0.122014,0.142266);
dGradientValues{1}(43) = complex(0.100942,0.161623);
dGradientValues{1}(44) = complex(0.0769974,0.177635);
dGradientValues{1}(45) = complex(0.0507428,0.189911);
dGradientValues{1}(46) = complex(0.0227851,0.198159);
dGradientValues{1}(47) = complex(-0.00624029,0.202186);
dGradientValues{1}(48) = complex(-0.035686,0.2019);
dGradientValues{1}(49) = complex(-0.064908,0.197306);
dGradientValues{1}(50) = complex(-0.0932798,0.188506);
dGradientValues{1}(51) = complex(-0.120205,0.175688);
dGradientValues{1}(52) = complex(-0.145131,0.159123);
dGradientValues{1}(53) = complex(-0.167555,0.139152);
dGradientValues{1}(54) = complex(-0.187038,0.11618);
dGradientValues{1}(55) = complex(-0.203204,0.0906638);
dGradientValues{1}(56) = complex(-0.215753,0.0630992);
dGradientValues{1}(57) = complex(-0.224458,0.0340132);
dGradientValues{1}(58) = complex(-0.229171,0.00395073);
dGradientValues{1}(59) = complex(-0.229817,-0.0265356);
dGradientValues{1}(60) = complex(-0.226401,-0.0568961);
dGradientValues{1}(61) = complex(-0.218998,-0.0865939);
dGradientValues{1}(62) = complex(-0.207753,-0.115114);
dGradientValues{1}(63) = complex(-0.192874,-0.141971);
dGradientValues{1}(64) = complex(-0.174628,-0.166719);
dGradientValues{1}(65) = complex(-0.153334,-0.188953);
dGradientValues{1}(66) = complex(-0.129355,-0.208319);
dGradientValues{1}(67) = complex(-0.103092,-0.224517);
dGradientValues{1}(68) = complex(-0.0749747,-0.237301);
dGradientValues{1}(69) = complex(-0.0454555,-0.246486);
dGradientValues{1}(70) = complex(-0.015,-0.251946);
dGradientValues{1}(71) = complex(0.0159196,-0.253614);
dGradientValues{1}(72) = complex(0.0468323,-0.251484);
dGradientValues{1}(73) = complex(0.0772755,-0.245606);
dGradientValues{1}(74) = complex(0.106801,-0.236085);
dGradientValues{1}(75) = complex(0.134983,-0.223077);
dGradientValues{1}(76) = complex(0.161421,-0.206787);
dGradientValues{1}(77) = complex(0.185747,-0.187465);
dGradientValues{1}(78) = complex(0.207628,-0.165396);
dGradientValues{1}(79) = complex(0.226772,-0.140902);
dGradientValues{1}(80) = complex(0.242928,-0.114331);
dGradientValues{1}(81) = complex(0.255892,-0.0860575);
dGradientValues{1}(82) = complex(0.265504,-0.0564688);
dGradientValues{1}(83) = complex(0.271653,-0.0259661);
dGradientValues{1}(84) = complex(0.274275,0.00504416);
dGradientValues{1}(85) = complex(0.273352,0.0361551);
dGradientValues{1}(86) = complex(0.268916,0.0669648);
dGradientValues{1}(87) = complex(0.261038,0.0970812);
dGradientValues{1}(88) = complex(0.249836,0.126127);
dGradientValues{1}(89) = complex(0.235466,0.153743);
dGradientValues{1}(90) = complex(0.218121,0.179596);
dGradientValues{1}(91) = complex(0.198028,0.203374);
dGradientValues{1}(92) = complex(0.175445,0.224801);
dGradientValues{1}(93) = complex(0.150656,0.243628);
dGradientValues{1}(94) = complex(0.123966,0.259644);
dGradientValues{1}(95) = complex(0.0957002,0.272672);
dGradientValues{1}(96) = complex(0.066197,0.282574);
dGradientValues{1}(97) = complex(0.0358043,0.28925);
dGradientValues{1}(98) = complex(0.00487578,0.292638);
dGradientValues{1}(99) = complex(-0.0262335,0.292714);
dGradientValues{1}(100) = complex(-0.0571711,0.289492);
dGradientValues{1}(101) = complex(-0.0875914,0.283025);
dGradientValues{1}(102) = complex(-0.117159,0.273397);
dGradientValues{1}(103) = complex(-0.145551,0.26073);
dGradientValues{1}(104) = complex(-0.172463,0.245175);
dGradientValues{1}(105) = complex(-0.197611,0.226914);
dGradientValues{1}(106) = complex(-0.220732,0.206154);
dGradientValues{1}(107) = complex(-0.241587,0.183129);
dGradientValues{1}(108) = complex(-0.259967,0.158091);
dGradientValues{1}(109) = complex(-0.275689,0.131311);
dGradientValues{1}(110) = complex(-0.288601,0.103077);
dGradientValues{1}(111) = complex(-0.298582,0.0736846);
dGradientValues{1}(112) = complex(-0.305541,0.0434415);
dGradientValues{1}(113) = complex(-0.30942,0.0126586);
dGradientValues{1}(114) = complex(-0.310193,-0.018351);
dGradientValues{1}(115) = complex(-0.307866,-0.0492756);
dGradientValues{1}(116) = complex(-0.302472,-0.0798077);
dGradientValues{1}(117) = complex(-0.29408,-0.109647);
dGradientValues{1}(118) = complex(-0.282782,-0.138504);
dGradientValues{1}(119) = complex(-0.268701,-0.166102);
dGradientValues{1}(120) = complex(-0.251984,-0.192178);
dGradientValues{1}(121) = complex(-0.232801,-0.216489);
dGradientValues{1}(122) = complex(-0.211346,-0.238809);
dGradientValues{1}(123) = complex(-0.18783,-0.258934);
dGradientValues{1}(124) = complex(-0.162483,-0.276684);
dGradientValues{1}(125) = complex(-0.135548,-0.291901);
dGradientValues{1}(126) = complex(-0.107282,-0.304455);
dGradientValues{1}(127) = complex(-0.0779502,-0.314239);
dGradientValues{1}(128) = complex(-0.0478253,-0.321174);
dGradientValues{1}(129) = complex(-0.0171845,-0.325208);
dGradientValues{1}(130) = complex(0.0136929,-0.326314);
dGradientValues{1}(131) = complex(0.0445287,-0.324494);
dGradientValues{1}(132) = complex(0.0750475,-0.319774);
dGradientValues{1}(133) = complex(0.10498,-0.312206);
dGradientValues{1}(134) = complex(0.134063,-0.301869);
dGradientValues{1}(135) = complex(0.162045,-0.288861);
dGradientValues{1}(136) = complex(0.188687,-0.273306);
dGradientValues{1}(137) = complex(0.213762,-0.255347);
dGradientValues{1}(138) = complex(0.23706,-0.235148);
dGradientValues{1}(139) = complex(0.258387,-0.212889);
dGradientValues{1}(140) = complex(0.277568,-0.188766);
dGradientValues{1}(141) = complex(0.29445,-0.16299);
