dMaxGradAmpl=40;
NumberOfLaunTrackPoints=42;
NumberOfLoopPoints=100;
NumberOfBrakeRunPoints=4;
dGradientValues{5}(1) = complex(0,0);
dGradientValues{5}(2) = complex(0,0);
dGradientValues{5}(3) = complex(0.00630098,-0.00328728);
dGradientValues{5}(4) = complex(0.012602,-0.00657455);
dGradientValues{5}(5) = complex(0.018903,-0.00986183);
dGradientValues{5}(6) = complex(0.0252039,-0.0131491);
dGradientValues{5}(7) = complex(0.0315049,-0.0164364);
dGradientValues{5}(8) = complex(0.0378059,-0.0197237);
dGradientValues{5}(9) = complex(0.0441069,-0.0230109);
dGradientValues{5}(10) = complex(0.0504079,-0.0262982);
dGradientValues{5}(11) = complex(0.0567089,-0.0295855);
dGradientValues{5}(12) = complex(0.0630098,-0.0328728);
dGradientValues{5}(13) = complex(0.0693108,-0.03616);
dGradientValues{5}(14) = complex(0.0756118,-0.0394473);
dGradientValues{5}(15) = complex(0.0819128,-0.0427346);
dGradientValues{5}(16) = complex(0.0756118,-0.0394473);
dGradientValues{5}(17) = complex(0.0693108,-0.03616);
dGradientValues{5}(18) = complex(0.0630098,-0.0328728);
dGradientValues{5}(19) = complex(0.0567089,-0.0295855);
dGradientValues{5}(20) = complex(0.0504079,-0.0262982);
dGradientValues{5}(21) = complex(0.0441069,-0.0230109);
dGradientValues{5}(22) = complex(0.0378059,-0.0197237);
dGradientValues{5}(23) = complex(0.0315049,-0.0164364);
dGradientValues{5}(24) = complex(0.0252039,-0.0131491);
dGradientValues{5}(25) = complex(0.018903,-0.00986183);
dGradientValues{5}(26) = complex(0.012602,-0.00657455);
dGradientValues{5}(27) = complex(0.00630098,-0.00328728);
dGradientValues{5}(28) = complex(0,0);
dGradientValues{5}(29) = complex(0,0);
dGradientValues{5}(30) = complex(0.0036686,0.00708931);
dGradientValues{5}(31) = complex(0.00714856,0.0141569);
dGradientValues{5}(32) = complex(0.0102606,0.0211769);
dGradientValues{5}(33) = complex(0.0128431,0.0281152);
dGradientValues{5}(34) = complex(0.0147597,0.0349278);
dGradientValues{5}(35) = complex(0.0159036,0.0415599);
dGradientValues{5}(36) = complex(0.016201,0.0479471);
dGradientValues{5}(37) = complex(0.0156113,0.0540178);
dGradientValues{5}(38) = complex(0.0141261,0.0596966);
dGradientValues{5}(39) = complex(0.011766,0.0649079);
dGradientValues{5}(40) = complex(0.00857675,0.0695795);
dGradientValues{5}(41) = complex(0.00462458,0.0736458);
dGradientValues{5}(42) = complex(5.23648e-018,0.0754656);
dGradientValues{5}(43) = complex(-0.00473853,0.0753167);
dGradientValues{5}(44) = complex(-0.00945835,0.0748706);
dGradientValues{5}(45) = complex(-0.0141408,0.0741289);
dGradientValues{5}(46) = complex(-0.0187675,0.0730947);
dGradientValues{5}(47) = complex(-0.0233202,0.0717721);
dGradientValues{5}(48) = complex(-0.0277808,0.0701662);
dGradientValues{5}(49) = complex(-0.0321317,0.0682833);
dGradientValues{5}(50) = complex(-0.0363558,0.066131);
dGradientValues{5}(51) = complex(-0.0404365,0.0637177);
dGradientValues{5}(52) = complex(-0.0443576,0.061053);
dGradientValues{5}(53) = complex(-0.0481036,0.0581473);
dGradientValues{5}(54) = complex(-0.0516598,0.0550121);
dGradientValues{5}(55) = complex(-0.0550121,0.0516598);
dGradientValues{5}(56) = complex(-0.0581473,0.0481036);
dGradientValues{5}(57) = complex(-0.061053,0.0443576);
dGradientValues{5}(58) = complex(-0.0637177,0.0404365);
dGradientValues{5}(59) = complex(-0.066131,0.0363558);
dGradientValues{5}(60) = complex(-0.0682833,0.0321317);
dGradientValues{5}(61) = complex(-0.0701662,0.0277808);
dGradientValues{5}(62) = complex(-0.0717721,0.0233202);
dGradientValues{5}(63) = complex(-0.0730947,0.0187675);
dGradientValues{5}(64) = complex(-0.0741289,0.0141408);
dGradientValues{5}(65) = complex(-0.0748706,0.00945835);
dGradientValues{5}(66) = complex(-0.0753167,0.00473853);
dGradientValues{5}(67) = complex(-0.0754656,-1.2136e-017);
dGradientValues{5}(68) = complex(-0.0753167,-0.00473853);
dGradientValues{5}(69) = complex(-0.0748706,-0.00945835);
dGradientValues{5}(70) = complex(-0.0741289,-0.0141408);
dGradientValues{5}(71) = complex(-0.0730947,-0.0187675);
dGradientValues{5}(72) = complex(-0.0717721,-0.0233202);
dGradientValues{5}(73) = complex(-0.0701662,-0.0277808);
dGradientValues{5}(74) = complex(-0.0682833,-0.0321317);
dGradientValues{5}(75) = complex(-0.066131,-0.0363558);
dGradientValues{5}(76) = complex(-0.0637177,-0.0404365);
dGradientValues{5}(77) = complex(-0.061053,-0.0443576);
dGradientValues{5}(78) = complex(-0.0581473,-0.0481036);
dGradientValues{5}(79) = complex(-0.0550121,-0.0516598);
dGradientValues{5}(80) = complex(-0.0516598,-0.0550121);
dGradientValues{5}(81) = complex(-0.0481036,-0.0581473);
dGradientValues{5}(82) = complex(-0.0443576,-0.061053);
dGradientValues{5}(83) = complex(-0.0404365,-0.0637177);
dGradientValues{5}(84) = complex(-0.0363558,-0.066131);
dGradientValues{5}(85) = complex(-0.0321317,-0.0682833);
dGradientValues{5}(86) = complex(-0.0277808,-0.0701662);
dGradientValues{5}(87) = complex(-0.0233202,-0.0717721);
dGradientValues{5}(88) = complex(-0.0187675,-0.0730947);
dGradientValues{5}(89) = complex(-0.0141408,-0.0741289);
dGradientValues{5}(90) = complex(-0.00945835,-0.0748706);
dGradientValues{5}(91) = complex(-0.00473853,-0.0753167);
dGradientValues{5}(92) = complex(2.42719e-017,-0.0754656);
dGradientValues{5}(93) = complex(0.00473853,-0.0753167);
dGradientValues{5}(94) = complex(0.00945835,-0.0748706);
dGradientValues{5}(95) = complex(0.0141408,-0.0741289);
dGradientValues{5}(96) = complex(0.0187675,-0.0730947);
dGradientValues{5}(97) = complex(0.0233202,-0.0717721);
dGradientValues{5}(98) = complex(0.0277808,-0.0701662);
dGradientValues{5}(99) = complex(0.0321317,-0.0682833);
dGradientValues{5}(100) = complex(0.0363558,-0.066131);
dGradientValues{5}(101) = complex(0.0404365,-0.0637177);
dGradientValues{5}(102) = complex(0.0443576,-0.061053);
dGradientValues{5}(103) = complex(0.0481036,-0.0581473);
dGradientValues{5}(104) = complex(0.0516598,-0.0550121);
dGradientValues{5}(105) = complex(0.0550121,-0.0516598);
dGradientValues{5}(106) = complex(0.0581473,-0.0481036);
dGradientValues{5}(107) = complex(0.061053,-0.0443576);
dGradientValues{5}(108) = complex(0.0637177,-0.0404365);
dGradientValues{5}(109) = complex(0.066131,-0.0363558);
dGradientValues{5}(110) = complex(0.0682833,-0.0321317);
dGradientValues{5}(111) = complex(0.0701662,-0.0277808);
dGradientValues{5}(112) = complex(0.0717721,-0.0233202);
dGradientValues{5}(113) = complex(0.0730947,-0.0187675);
dGradientValues{5}(114) = complex(0.0741289,-0.0141408);
dGradientValues{5}(115) = complex(0.0748706,-0.00945835);
dGradientValues{5}(116) = complex(0.0753167,-0.00473853);
dGradientValues{5}(117) = complex(0.0754656,-1.38624e-017);
dGradientValues{5}(118) = complex(0.0753167,0.00473853);
dGradientValues{5}(119) = complex(0.0748706,0.00945835);
dGradientValues{5}(120) = complex(0.0741289,0.0141408);
dGradientValues{5}(121) = complex(0.0730947,0.0187675);
dGradientValues{5}(122) = complex(0.0717721,0.0233202);
dGradientValues{5}(123) = complex(0.0701662,0.0277808);
dGradientValues{5}(124) = complex(0.0682833,0.0321317);
dGradientValues{5}(125) = complex(0.066131,0.0363558);
dGradientValues{5}(126) = complex(0.0637177,0.0404365);
dGradientValues{5}(127) = complex(0.061053,0.0443576);
dGradientValues{5}(128) = complex(0.0581473,0.0481036);
dGradientValues{5}(129) = complex(0.0550121,0.0516598);
dGradientValues{5}(130) = complex(0.0516598,0.0550121);
dGradientValues{5}(131) = complex(0.0481036,0.0581473);
dGradientValues{5}(132) = complex(0.0443576,0.061053);
dGradientValues{5}(133) = complex(0.0404365,0.0637177);
dGradientValues{5}(134) = complex(0.0363558,0.066131);
dGradientValues{5}(135) = complex(0.0321317,0.0682833);
dGradientValues{5}(136) = complex(0.0277808,0.0701662);
dGradientValues{5}(137) = complex(0.0233202,0.0717721);
dGradientValues{5}(138) = complex(0.0187675,0.0730947);
dGradientValues{5}(139) = complex(0.0141408,0.0741289);
