dMaxGradAmpl=40;
NumberOfLaunTrackPoints=55;
NumberOfLoopPoints=100;
NumberOfBrakeRunPoints=11;
dGradientValues{13}(1) = complex(0,0);
dGradientValues{13}(2) = complex(0,0);
dGradientValues{13}(3) = complex(0.00948457,-0.011398);
dGradientValues{13}(4) = complex(0.0189691,-0.022796);
dGradientValues{13}(5) = complex(0.0284537,-0.034194);
dGradientValues{13}(6) = complex(0.0379383,-0.045592);
dGradientValues{13}(7) = complex(0.0474229,-0.05699);
dGradientValues{13}(8) = complex(0.0569074,-0.0683879);
dGradientValues{13}(9) = complex(0.066392,-0.0797859);
dGradientValues{13}(10) = complex(0.0758766,-0.0911839);
dGradientValues{13}(11) = complex(0.0853612,-0.102582);
dGradientValues{13}(12) = complex(0.0948457,-0.11398);
dGradientValues{13}(13) = complex(0.10433,-0.125378);
dGradientValues{13}(14) = complex(0.113815,-0.136776);
dGradientValues{13}(15) = complex(0.123299,-0.148174);
dGradientValues{13}(16) = complex(0.132784,-0.159572);
dGradientValues{13}(17) = complex(0.142269,-0.17097);
dGradientValues{13}(18) = complex(0.132784,-0.159572);
dGradientValues{13}(19) = complex(0.123299,-0.148174);
dGradientValues{13}(20) = complex(0.113815,-0.136776);
dGradientValues{13}(21) = complex(0.10433,-0.125378);
dGradientValues{13}(22) = complex(0.0948457,-0.11398);
dGradientValues{13}(23) = complex(0.0853612,-0.102582);
dGradientValues{13}(24) = complex(0.0758766,-0.0911839);
dGradientValues{13}(25) = complex(0.066392,-0.0797859);
dGradientValues{13}(26) = complex(0.0569074,-0.0683879);
dGradientValues{13}(27) = complex(0.0474229,-0.05699);
dGradientValues{13}(28) = complex(0.0379383,-0.045592);
dGradientValues{13}(29) = complex(0.0284537,-0.034194);
dGradientValues{13}(30) = complex(0.0189691,-0.022796);
dGradientValues{13}(31) = complex(0.00948457,-0.011398);
dGradientValues{13}(32) = complex(-7.1014e-018,8.53403e-018);
dGradientValues{13}(33) = complex(0,0);
dGradientValues{13}(34) = complex(0.0122547,0.0102473);
dGradientValues{13}(35) = complex(0.024246,0.0205712);
dGradientValues{13}(36) = complex(0.0357178,0.0310407);
dGradientValues{13}(37) = complex(0.0464281,0.0417093);
dGradientValues{13}(38) = complex(0.0561551,0.0526096);
dGradientValues{13}(39) = complex(0.064703,0.0637492);
dGradientValues{13}(40) = complex(0.0719055,0.0751095);
dGradientValues{13}(41) = complex(0.0776294,0.0866453);
dGradientValues{13}(42) = complex(0.0817754,0.0982874);
dGradientValues{13}(43) = complex(0.084279,0.109946);
dGradientValues{13}(44) = complex(0.085109,0.121515);
dGradientValues{13}(45) = complex(0.084266,0.132878);
dGradientValues{13}(46) = complex(0.0817792,0.143913);
dGradientValues{13}(47) = complex(0.0777033,0.154494);
dGradientValues{13}(48) = complex(0.072115,0.1645);
dGradientValues{13}(49) = complex(0.0651088,0.173817);
dGradientValues{13}(50) = complex(0.0567938,0.182337);
dGradientValues{13}(51) = complex(0.0472898,0.189966);
dGradientValues{13}(52) = complex(0.0367246,0.19662);
dGradientValues{13}(53) = complex(0.0252306,0.202229);
dGradientValues{13}(54) = complex(0.0129431,0.206734);
dGradientValues{13}(55) = complex(3.20007e-017,0.209627);
dGradientValues{13}(56) = complex(-0.0131626,0.209213);
dGradientValues{13}(57) = complex(-0.0262732,0.207974);
dGradientValues{13}(58) = complex(-0.0392801,0.205914);
dGradientValues{13}(59) = complex(-0.0521321,0.203041);
dGradientValues{13}(60) = complex(-0.0647782,0.199367);
dGradientValues{13}(61) = complex(-0.0771688,0.194906);
dGradientValues{13}(62) = complex(-0.0892547,0.189676);
dGradientValues{13}(63) = complex(-0.100988,0.183697);
dGradientValues{13}(64) = complex(-0.112324,0.176994);
dGradientValues{13}(65) = complex(-0.123216,0.169592);
dGradientValues{13}(66) = complex(-0.133621,0.16152);
dGradientValues{13}(67) = complex(-0.143499,0.152811);
dGradientValues{13}(68) = complex(-0.152811,0.143499);
dGradientValues{13}(69) = complex(-0.16152,0.133621);
dGradientValues{13}(70) = complex(-0.169592,0.123216);
dGradientValues{13}(71) = complex(-0.176994,0.112324);
dGradientValues{13}(72) = complex(-0.183697,0.100988);
dGradientValues{13}(73) = complex(-0.189676,0.0892547);
dGradientValues{13}(74) = complex(-0.194906,0.0771688);
dGradientValues{13}(75) = complex(-0.199367,0.0647782);
dGradientValues{13}(76) = complex(-0.203041,0.0521321);
dGradientValues{13}(77) = complex(-0.205914,0.0392801);
dGradientValues{13}(78) = complex(-0.207974,0.0262732);
dGradientValues{13}(79) = complex(-0.209213,0.0131626);
dGradientValues{13}(80) = complex(-0.209627,1.28355e-017);
dGradientValues{13}(81) = complex(-0.209213,-0.0131626);
dGradientValues{13}(82) = complex(-0.207974,-0.0262732);
dGradientValues{13}(83) = complex(-0.205914,-0.0392801);
dGradientValues{13}(84) = complex(-0.203041,-0.0521321);
dGradientValues{13}(85) = complex(-0.199367,-0.0647782);
dGradientValues{13}(86) = complex(-0.194906,-0.0771688);
dGradientValues{13}(87) = complex(-0.189676,-0.0892547);
dGradientValues{13}(88) = complex(-0.183697,-0.100988);
dGradientValues{13}(89) = complex(-0.176994,-0.112324);
dGradientValues{13}(90) = complex(-0.169592,-0.123216);
dGradientValues{13}(91) = complex(-0.16152,-0.133621);
dGradientValues{13}(92) = complex(-0.152811,-0.143499);
dGradientValues{13}(93) = complex(-0.143499,-0.152811);
dGradientValues{13}(94) = complex(-0.133621,-0.16152);
dGradientValues{13}(95) = complex(-0.123216,-0.169592);
dGradientValues{13}(96) = complex(-0.112324,-0.176994);
dGradientValues{13}(97) = complex(-0.100988,-0.183697);
dGradientValues{13}(98) = complex(-0.0892547,-0.189676);
dGradientValues{13}(99) = complex(-0.0771688,-0.194906);
dGradientValues{13}(100) = complex(-0.0647782,-0.199367);
dGradientValues{13}(101) = complex(-0.0521321,-0.203041);
dGradientValues{13}(102) = complex(-0.0392801,-0.205914);
dGradientValues{13}(103) = complex(-0.0262732,-0.207974);
dGradientValues{13}(104) = complex(-0.0131626,-0.209213);
dGradientValues{13}(105) = complex(6.7422e-017,-0.209627);
dGradientValues{13}(106) = complex(0.0131626,-0.209213);
dGradientValues{13}(107) = complex(0.0262732,-0.207974);
dGradientValues{13}(108) = complex(0.0392801,-0.205914);
dGradientValues{13}(109) = complex(0.0521321,-0.203041);
dGradientValues{13}(110) = complex(0.0647782,-0.199367);
dGradientValues{13}(111) = complex(0.0771688,-0.194906);
dGradientValues{13}(112) = complex(0.0892547,-0.189676);
dGradientValues{13}(113) = complex(0.100988,-0.183697);
dGradientValues{13}(114) = complex(0.112324,-0.176994);
dGradientValues{13}(115) = complex(0.123216,-0.169592);
dGradientValues{13}(116) = complex(0.133621,-0.16152);
dGradientValues{13}(117) = complex(0.143499,-0.152811);
dGradientValues{13}(118) = complex(0.152811,-0.143499);
dGradientValues{13}(119) = complex(0.16152,-0.133621);
dGradientValues{13}(120) = complex(0.169592,-0.123216);
dGradientValues{13}(121) = complex(0.176994,-0.112324);
dGradientValues{13}(122) = complex(0.183697,-0.100988);
dGradientValues{13}(123) = complex(0.189676,-0.0892547);
dGradientValues{13}(124) = complex(0.194906,-0.0771688);
dGradientValues{13}(125) = complex(0.199367,-0.0647782);
dGradientValues{13}(126) = complex(0.203041,-0.0521321);
dGradientValues{13}(127) = complex(0.205914,-0.0392801);
dGradientValues{13}(128) = complex(0.207974,-0.0262732);
dGradientValues{13}(129) = complex(0.209213,-0.0131626);
dGradientValues{13}(130) = complex(0.209627,-3.85065e-017);
dGradientValues{13}(131) = complex(0.209213,0.0131626);
dGradientValues{13}(132) = complex(0.207974,0.0262732);
dGradientValues{13}(133) = complex(0.205914,0.0392801);
dGradientValues{13}(134) = complex(0.203041,0.0521321);
dGradientValues{13}(135) = complex(0.199367,0.0647782);
dGradientValues{13}(136) = complex(0.194906,0.0771688);
dGradientValues{13}(137) = complex(0.189676,0.0892547);
dGradientValues{13}(138) = complex(0.183697,0.100988);
dGradientValues{13}(139) = complex(0.176994,0.112324);
