dMaxGradAmpl=40;
NumberOfLaunTrackPoints=71;
NumberOfLoopPoints=100;
NumberOfBrakeRunPoints=22;
dGradientValues{26}(1) = complex(0,0);
dGradientValues{26}(2) = complex(0,0);
dGradientValues{26}(3) = complex(-0.00145947,-0.0265462);
dGradientValues{26}(4) = complex(-0.00291895,-0.0530923);
dGradientValues{26}(5) = complex(-0.00437842,-0.0796385);
dGradientValues{26}(6) = complex(-0.0058379,-0.106185);
dGradientValues{26}(7) = complex(-0.00729737,-0.132731);
dGradientValues{26}(8) = complex(-0.00875685,-0.159277);
dGradientValues{26}(9) = complex(-0.0102163,-0.185823);
dGradientValues{26}(10) = complex(-0.0116758,-0.212369);
dGradientValues{26}(11) = complex(-0.0131353,-0.238915);
dGradientValues{26}(12) = complex(-0.0145947,-0.265462);
dGradientValues{26}(13) = complex(-0.0160542,-0.292008);
dGradientValues{26}(14) = complex(-0.0175137,-0.318554);
dGradientValues{26}(15) = complex(-0.0189732,-0.3451);
dGradientValues{26}(16) = complex(-0.0204326,-0.371646);
dGradientValues{26}(17) = complex(-0.0218921,-0.398192);
dGradientValues{26}(18) = complex(-0.0233516,-0.424739);
dGradientValues{26}(19) = complex(-0.0218921,-0.398192);
dGradientValues{26}(20) = complex(-0.0204326,-0.371646);
dGradientValues{26}(21) = complex(-0.0189732,-0.3451);
dGradientValues{26}(22) = complex(-0.0175137,-0.318554);
dGradientValues{26}(23) = complex(-0.0160542,-0.292008);
dGradientValues{26}(24) = complex(-0.0145947,-0.265462);
dGradientValues{26}(25) = complex(-0.0131353,-0.238915);
dGradientValues{26}(26) = complex(-0.0116758,-0.212369);
dGradientValues{26}(27) = complex(-0.0102163,-0.185823);
dGradientValues{26}(28) = complex(-0.00875685,-0.159277);
dGradientValues{26}(29) = complex(-0.00729737,-0.132731);
dGradientValues{26}(30) = complex(-0.0058379,-0.106185);
dGradientValues{26}(31) = complex(-0.00437842,-0.0796385);
dGradientValues{26}(32) = complex(-0.00291895,-0.0530923);
dGradientValues{26}(33) = complex(-0.00145947,-0.0265462);
dGradientValues{26}(34) = complex(2.43787e-018,4.4342e-017);
dGradientValues{26}(35) = complex(0,0);
dGradientValues{26}(36) = complex(0.0279226,-0.00147759);
dGradientValues{26}(37) = complex(0.0556341,-0.002601);
dGradientValues{26}(38) = complex(0.0829231,-0.00303001);
dGradientValues{26}(39) = complex(0.109578,-0.00245129);
dGradientValues{26}(40) = complex(0.135389,-0.000589877);
dGradientValues{26}(41) = complex(0.160146,0.00278188);
dGradientValues{26}(42) = complex(0.183644,0.00783793);
dGradientValues{26}(43) = complex(0.205688,0.014695);
dGradientValues{26}(44) = complex(0.226087,0.0234122);
dGradientValues{26}(45) = complex(0.24467,0.0339923);
dGradientValues{26}(46) = complex(0.261278,0.0463865);
dGradientValues{26}(47) = complex(0.275774,0.0604993);
dGradientValues{26}(48) = complex(0.288044,0.0761957);
dGradientValues{26}(49) = complex(0.297995,0.093308);
dGradientValues{26}(50) = complex(0.305561,0.111643);
dGradientValues{26}(51) = complex(0.310701,0.130991);
dGradientValues{26}(52) = complex(0.313396,0.15113);
dGradientValues{26}(53) = complex(0.313654,0.17183);
dGradientValues{26}(54) = complex(0.311501,0.192864);
dGradientValues{26}(55) = complex(0.306985,0.214008);
dGradientValues{26}(56) = complex(0.300173,0.235043);
dGradientValues{26}(57) = complex(0.291146,0.255761);
dGradientValues{26}(58) = complex(0.279998,0.275968);
dGradientValues{26}(59) = complex(0.266839,0.295478);
dGradientValues{26}(60) = complex(0.251784,0.314124);
dGradientValues{26}(61) = complex(0.234959,0.33175);
dGradientValues{26}(62) = complex(0.216496,0.348216);
dGradientValues{26}(63) = complex(0.196532,0.363397);
dGradientValues{26}(64) = complex(0.175206,0.377182);
dGradientValues{26}(65) = complex(0.152664,0.389472);
dGradientValues{26}(66) = complex(0.129049,0.400184);
dGradientValues{26}(67) = complex(0.104508,0.409246);
dGradientValues{26}(68) = complex(0.0791872,0.416601);
dGradientValues{26}(69) = complex(0.0532324,0.422202);
dGradientValues{26}(70) = complex(0.0267882,0.426012);
dGradientValues{26}(71) = complex(-5.34121e-017,0.427639);
dGradientValues{26}(72) = complex(-0.0268516,0.426795);
dGradientValues{26}(73) = complex(-0.0535973,0.424266);
dGradientValues{26}(74) = complex(-0.0801315,0.420064);
dGradientValues{26}(75) = complex(-0.106349,0.414204);
dGradientValues{26}(76) = complex(-0.132148,0.406708);
dGradientValues{26}(77) = complex(-0.157424,0.397608);
dGradientValues{26}(78) = complex(-0.18208,0.386939);
dGradientValues{26}(79) = complex(-0.206016,0.374743);
dGradientValues{26}(80) = complex(-0.22914,0.361067);
dGradientValues{26}(81) = complex(-0.25136,0.345967);
dGradientValues{26}(82) = complex(-0.272587,0.329501);
dGradientValues{26}(83) = complex(-0.292739,0.311735);
dGradientValues{26}(84) = complex(-0.311735,0.292739);
dGradientValues{26}(85) = complex(-0.329501,0.272587);
dGradientValues{26}(86) = complex(-0.345967,0.25136);
dGradientValues{26}(87) = complex(-0.361067,0.22914);
dGradientValues{26}(88) = complex(-0.374743,0.206016);
dGradientValues{26}(89) = complex(-0.386939,0.18208);
dGradientValues{26}(90) = complex(-0.397608,0.157424);
dGradientValues{26}(91) = complex(-0.406708,0.132148);
dGradientValues{26}(92) = complex(-0.414204,0.106349);
dGradientValues{26}(93) = complex(-0.420064,0.0801315);
dGradientValues{26}(94) = complex(-0.424266,0.0535973);
dGradientValues{26}(95) = complex(-0.426795,0.0268516);
dGradientValues{26}(96) = complex(-0.427639,-1.63725e-016);
dGradientValues{26}(97) = complex(-0.426795,-0.0268516);
dGradientValues{26}(98) = complex(-0.424266,-0.0535973);
dGradientValues{26}(99) = complex(-0.420064,-0.0801315);
dGradientValues{26}(100) = complex(-0.414204,-0.106349);
dGradientValues{26}(101) = complex(-0.406708,-0.132148);
dGradientValues{26}(102) = complex(-0.397608,-0.157424);
dGradientValues{26}(103) = complex(-0.386939,-0.18208);
dGradientValues{26}(104) = complex(-0.374743,-0.206016);
dGradientValues{26}(105) = complex(-0.361067,-0.22914);
dGradientValues{26}(106) = complex(-0.345967,-0.25136);
dGradientValues{26}(107) = complex(-0.329501,-0.272587);
dGradientValues{26}(108) = complex(-0.311735,-0.292739);
dGradientValues{26}(109) = complex(-0.292739,-0.311735);
dGradientValues{26}(110) = complex(-0.272587,-0.329501);
dGradientValues{26}(111) = complex(-0.25136,-0.345967);
dGradientValues{26}(112) = complex(-0.22914,-0.361067);
dGradientValues{26}(113) = complex(-0.206016,-0.374743);
dGradientValues{26}(114) = complex(-0.18208,-0.386939);
dGradientValues{26}(115) = complex(-0.157424,-0.397608);
dGradientValues{26}(116) = complex(-0.132148,-0.406708);
dGradientValues{26}(117) = complex(-0.106349,-0.414204);
dGradientValues{26}(118) = complex(-0.0801315,-0.420064);
dGradientValues{26}(119) = complex(-0.0535973,-0.424266);
dGradientValues{26}(120) = complex(-0.0268516,-0.426795);
dGradientValues{26}(121) = complex(1.37541e-016,-0.427639);
dGradientValues{26}(122) = complex(0.0268516,-0.426795);
dGradientValues{26}(123) = complex(0.0535973,-0.424266);
dGradientValues{26}(124) = complex(0.0801315,-0.420064);
dGradientValues{26}(125) = complex(0.106349,-0.414204);
dGradientValues{26}(126) = complex(0.132148,-0.406708);
dGradientValues{26}(127) = complex(0.157424,-0.397608);
dGradientValues{26}(128) = complex(0.18208,-0.386939);
dGradientValues{26}(129) = complex(0.206016,-0.374743);
dGradientValues{26}(130) = complex(0.22914,-0.361067);
dGradientValues{26}(131) = complex(0.25136,-0.345967);
dGradientValues{26}(132) = complex(0.272587,-0.329501);
dGradientValues{26}(133) = complex(0.292739,-0.311735);
dGradientValues{26}(134) = complex(0.311735,-0.292739);
dGradientValues{26}(135) = complex(0.329501,-0.272587);
dGradientValues{26}(136) = complex(0.345967,-0.25136);
dGradientValues{26}(137) = complex(0.361067,-0.22914);
dGradientValues{26}(138) = complex(0.374743,-0.206016);
dGradientValues{26}(139) = complex(0.386939,-0.18208);
