dMaxGradAmpl=40;
NumberOfLaunTrackPoints=56;
NumberOfLoopPoints=100;
NumberOfBrakeRunPoints=8;
dGradientValues{10}(1) = complex(0,0);
dGradientValues{10}(2) = complex(0,0);
dGradientValues{10}(3) = complex(0.00673313,-0.00903674);
dGradientValues{10}(4) = complex(0.0134663,-0.0180735);
dGradientValues{10}(5) = complex(0.0201994,-0.0271102);
dGradientValues{10}(6) = complex(0.0269325,-0.036147);
dGradientValues{10}(7) = complex(0.0336656,-0.0451837);
dGradientValues{10}(8) = complex(0.0403988,-0.0542204);
dGradientValues{10}(9) = complex(0.0471319,-0.0632572);
dGradientValues{10}(10) = complex(0.053865,-0.0722939);
dGradientValues{10}(11) = complex(0.0605982,-0.0813306);
dGradientValues{10}(12) = complex(0.0673313,-0.0903674);
dGradientValues{10}(13) = complex(0.0740644,-0.0994041);
dGradientValues{10}(14) = complex(0.0807976,-0.108441);
dGradientValues{10}(15) = complex(0.0875307,-0.117478);
dGradientValues{10}(16) = complex(0.0942638,-0.126514);
dGradientValues{10}(17) = complex(0.100997,-0.135551);
dGradientValues{10}(18) = complex(0.0942638,-0.126514);
dGradientValues{10}(19) = complex(0.0875307,-0.117478);
dGradientValues{10}(20) = complex(0.0807976,-0.108441);
dGradientValues{10}(21) = complex(0.0740644,-0.0994041);
dGradientValues{10}(22) = complex(0.0673313,-0.0903674);
dGradientValues{10}(23) = complex(0.0605982,-0.0813306);
dGradientValues{10}(24) = complex(0.053865,-0.0722939);
dGradientValues{10}(25) = complex(0.0471319,-0.0632572);
dGradientValues{10}(26) = complex(0.0403988,-0.0542204);
dGradientValues{10}(27) = complex(0.0336656,-0.0451837);
dGradientValues{10}(28) = complex(0.0269325,-0.036147);
dGradientValues{10}(29) = complex(0.0201994,-0.0271102);
dGradientValues{10}(30) = complex(0.0134663,-0.0180735);
dGradientValues{10}(31) = complex(0.00673313,-0.00903674);
dGradientValues{10}(32) = complex(8.29162e-018,-1.11284e-017);
dGradientValues{10}(33) = complex(0,0);
dGradientValues{10}(34) = complex(0.00959055,0.0071811);
dGradientValues{10}(35) = complex(0.0189895,0.0144294);
dGradientValues{10}(36) = complex(0.0280101,0.021806);
dGradientValues{10}(37) = complex(0.0364756,0.0293603);
dGradientValues{10}(38) = complex(0.0442228,0.0371256);
dGradientValues{10}(39) = complex(0.0511069,0.0451162);
dGradientValues{10}(40) = complex(0.0570033,0.0533253);
dGradientValues{10}(41) = complex(0.0618108,0.061726);
dGradientValues{10}(42) = complex(0.065452,0.0702717);
dGradientValues{10}(43) = complex(0.0678742,0.0788996);
dGradientValues{10}(44) = complex(0.0690489,0.0875334);
dGradientValues{10}(45) = complex(0.0689702,0.0960873);
dGradientValues{10}(46) = complex(0.0676533,0.10447);
dGradientValues{10}(47) = complex(0.0651323,0.112586);
dGradientValues{10}(48) = complex(0.0614577,0.120345);
dGradientValues{10}(49) = complex(0.0566936,0.127655);
dGradientValues{10}(50) = complex(0.0509153,0.134434);
dGradientValues{10}(51) = complex(0.0442069,0.140605);
dGradientValues{10}(52) = complex(0.0366589,0.146101);
dGradientValues{10}(53) = complex(0.0283659,0.150863);
dGradientValues{10}(54) = complex(0.0194253,0.154841);
dGradientValues{10}(55) = complex(0.00993557,0.157996);
dGradientValues{10}(56) = complex(2.21096e-018,0.159316);
dGradientValues{10}(57) = complex(-0.0100036,0.159002);
dGradientValues{10}(58) = complex(-0.0199676,0.15806);
dGradientValues{10}(59) = complex(-0.0298529,0.156494);
dGradientValues{10}(60) = complex(-0.0396204,0.154311);
dGradientValues{10}(61) = complex(-0.0492315,0.151519);
dGradientValues{10}(62) = complex(-0.0586483,0.148129);
dGradientValues{10}(63) = complex(-0.0678336,0.144154);
dGradientValues{10}(64) = complex(-0.0767512,0.13961);
dGradientValues{10}(65) = complex(-0.085366,0.134515);
dGradientValues{10}(66) = complex(-0.0936438,0.12889);
dGradientValues{10}(67) = complex(-0.101552,0.122755);
dGradientValues{10}(68) = complex(-0.10906,0.116137);
dGradientValues{10}(69) = complex(-0.116137,0.10906);
dGradientValues{10}(70) = complex(-0.122755,0.101552);
dGradientValues{10}(71) = complex(-0.12889,0.0936438);
dGradientValues{10}(72) = complex(-0.134515,0.085366);
dGradientValues{10}(73) = complex(-0.13961,0.0767512);
dGradientValues{10}(74) = complex(-0.144154,0.0678336);
dGradientValues{10}(75) = complex(-0.148129,0.0586483);
dGradientValues{10}(76) = complex(-0.151519,0.0492315);
dGradientValues{10}(77) = complex(-0.154311,0.0396204);
dGradientValues{10}(78) = complex(-0.156494,0.0298529);
dGradientValues{10}(79) = complex(-0.15806,0.0199676);
dGradientValues{10}(80) = complex(-0.159002,0.0100036);
dGradientValues{10}(81) = complex(-0.159316,-2.56203e-017);
dGradientValues{10}(82) = complex(-0.159002,-0.0100036);
dGradientValues{10}(83) = complex(-0.15806,-0.0199676);
dGradientValues{10}(84) = complex(-0.156494,-0.0298529);
dGradientValues{10}(85) = complex(-0.154311,-0.0396204);
dGradientValues{10}(86) = complex(-0.151519,-0.0492315);
dGradientValues{10}(87) = complex(-0.148129,-0.0586483);
dGradientValues{10}(88) = complex(-0.144154,-0.0678336);
dGradientValues{10}(89) = complex(-0.13961,-0.0767512);
dGradientValues{10}(90) = complex(-0.134515,-0.085366);
dGradientValues{10}(91) = complex(-0.12889,-0.0936438);
dGradientValues{10}(92) = complex(-0.122755,-0.101552);
dGradientValues{10}(93) = complex(-0.116137,-0.10906);
dGradientValues{10}(94) = complex(-0.10906,-0.116137);
dGradientValues{10}(95) = complex(-0.101552,-0.122755);
dGradientValues{10}(96) = complex(-0.0936438,-0.12889);
dGradientValues{10}(97) = complex(-0.085366,-0.134515);
dGradientValues{10}(98) = complex(-0.0767512,-0.13961);
dGradientValues{10}(99) = complex(-0.0678336,-0.144154);
dGradientValues{10}(100) = complex(-0.0586483,-0.148129);
dGradientValues{10}(101) = complex(-0.0492315,-0.151519);
dGradientValues{10}(102) = complex(-0.0396204,-0.154311);
dGradientValues{10}(103) = complex(-0.0298529,-0.156494);
dGradientValues{10}(104) = complex(-0.0199676,-0.15806);
dGradientValues{10}(105) = complex(-0.0100036,-0.159002);
dGradientValues{10}(106) = complex(5.12407e-017,-0.159316);
dGradientValues{10}(107) = complex(0.0100036,-0.159002);
dGradientValues{10}(108) = complex(0.0199676,-0.15806);
dGradientValues{10}(109) = complex(0.0298529,-0.156494);
dGradientValues{10}(110) = complex(0.0396204,-0.154311);
dGradientValues{10}(111) = complex(0.0492315,-0.151519);
dGradientValues{10}(112) = complex(0.0586483,-0.148129);
dGradientValues{10}(113) = complex(0.0678336,-0.144154);
dGradientValues{10}(114) = complex(0.0767512,-0.13961);
dGradientValues{10}(115) = complex(0.085366,-0.134515);
dGradientValues{10}(116) = complex(0.0936438,-0.12889);
dGradientValues{10}(117) = complex(0.101552,-0.122755);
dGradientValues{10}(118) = complex(0.10906,-0.116137);
dGradientValues{10}(119) = complex(0.116137,-0.10906);
dGradientValues{10}(120) = complex(0.122755,-0.101552);
dGradientValues{10}(121) = complex(0.12889,-0.0936438);
dGradientValues{10}(122) = complex(0.134515,-0.085366);
dGradientValues{10}(123) = complex(0.13961,-0.0767512);
dGradientValues{10}(124) = complex(0.144154,-0.0678336);
dGradientValues{10}(125) = complex(0.148129,-0.0586483);
dGradientValues{10}(126) = complex(0.151519,-0.0492315);
dGradientValues{10}(127) = complex(0.154311,-0.0396204);
dGradientValues{10}(128) = complex(0.156494,-0.0298529);
dGradientValues{10}(129) = complex(0.15806,-0.0199676);
dGradientValues{10}(130) = complex(0.159002,-0.0100036);
dGradientValues{10}(131) = complex(0.159316,-2.9265e-017);
dGradientValues{10}(132) = complex(0.159002,0.0100036);
dGradientValues{10}(133) = complex(0.15806,0.0199676);
dGradientValues{10}(134) = complex(0.156494,0.0298529);
dGradientValues{10}(135) = complex(0.154311,0.0396204);
dGradientValues{10}(136) = complex(0.151519,0.0492315);
dGradientValues{10}(137) = complex(0.148129,0.0586483);
dGradientValues{10}(138) = complex(0.144154,0.0678336);
