dMaxGradAmpl=40;
NumberOfLaunTrackPoints=65;
NumberOfLoopPoints=100;
NumberOfBrakeRunPoints=27;
dGradientValues{32}(1) = complex(0,0);
dGradientValues{32}(2) = complex(0,0);
dGradientValues{32}(3) = complex(0.00911827,-0.0315506);
dGradientValues{32}(4) = complex(0.0182365,-0.0631013);
dGradientValues{32}(5) = complex(0.0273548,-0.0946519);
dGradientValues{32}(6) = complex(0.0364731,-0.126203);
dGradientValues{32}(7) = complex(0.0455914,-0.157753);
dGradientValues{32}(8) = complex(0.0547096,-0.189304);
dGradientValues{32}(9) = complex(0.0638279,-0.220855);
dGradientValues{32}(10) = complex(0.0729462,-0.252405);
dGradientValues{32}(11) = complex(0.0820644,-0.283956);
dGradientValues{32}(12) = complex(0.0911827,-0.315506);
dGradientValues{32}(13) = complex(0.100301,-0.347057);
dGradientValues{32}(14) = complex(0.109419,-0.378608);
dGradientValues{32}(15) = complex(0.118538,-0.410158);
dGradientValues{32}(16) = complex(0.127656,-0.441709);
dGradientValues{32}(17) = complex(0.136774,-0.47326);
dGradientValues{32}(18) = complex(0.145892,-0.50481);
dGradientValues{32}(19) = complex(0.136774,-0.47326);
dGradientValues{32}(20) = complex(0.127656,-0.441709);
dGradientValues{32}(21) = complex(0.118538,-0.410158);
dGradientValues{32}(22) = complex(0.109419,-0.378608);
dGradientValues{32}(23) = complex(0.100301,-0.347057);
dGradientValues{32}(24) = complex(0.0911827,-0.315506);
dGradientValues{32}(25) = complex(0.0820644,-0.283956);
dGradientValues{32}(26) = complex(0.0729462,-0.252405);
dGradientValues{32}(27) = complex(0.0638279,-0.220855);
dGradientValues{32}(28) = complex(0.0547096,-0.189304);
dGradientValues{32}(29) = complex(0.0455914,-0.157753);
dGradientValues{32}(30) = complex(0.0364731,-0.126203);
dGradientValues{32}(31) = complex(0.0273548,-0.0946519);
dGradientValues{32}(32) = complex(0.0182365,-0.0631013);
dGradientValues{32}(33) = complex(0.00911827,-0.0315506);
dGradientValues{32}(34) = complex(6.16489e-018,-2.13315e-017);
dGradientValues{32}(35) = complex(0,0);
dGradientValues{32}(36) = complex(0.0345139,0.0100547);
dGradientValues{32}(37) = complex(0.0686048,0.0204635);
dGradientValues{32}(38) = complex(0.101856,0.0315618);
dGradientValues{32}(39) = complex(0.133862,0.04365);
dGradientValues{32}(40) = complex(0.164238,0.0569784);
dGradientValues{32}(41) = complex(0.192621,0.0717366);
dGradientValues{32}(42) = complex(0.21868,0.0880464);
dGradientValues{32}(43) = complex(0.242117,0.105959);
dGradientValues{32}(44) = complex(0.262678,0.125456);
dGradientValues{32}(45) = complex(0.280147,0.146453);
dGradientValues{32}(46) = complex(0.294356,0.16881);
dGradientValues{32}(47) = complex(0.305185,0.192335);
dGradientValues{32}(48) = complex(0.312558,0.2168);
dGradientValues{32}(49) = complex(0.316443,0.241947);
dGradientValues{32}(50) = complex(0.316854,0.267497);
dGradientValues{32}(51) = complex(0.31384,0.293165);
dGradientValues{32}(52) = complex(0.30749,0.318663);
dGradientValues{32}(53) = complex(0.29792,0.343707);
dGradientValues{32}(54) = complex(0.285276,0.368027);
dGradientValues{32}(55) = complex(0.269724,0.391364);
dGradientValues{32}(56) = complex(0.251451,0.413481);
dGradientValues{32}(57) = complex(0.230657,0.43416);
dGradientValues{32}(58) = complex(0.207553,0.453204);
dGradientValues{32}(59) = complex(0.18236,0.470439);
dGradientValues{32}(60) = complex(0.155301,0.485713);
dGradientValues{32}(61) = complex(0.126605,0.498898);
dGradientValues{32}(62) = complex(0.0965003,0.509885);
dGradientValues{32}(63) = complex(0.0652141,0.518586);
dGradientValues{32}(64) = complex(0.0329722,0.524933);
dGradientValues{32}(65) = complex(-2.19932e-017,0.528259);
dGradientValues{32}(66) = complex(-0.0331697,0.527217);
dGradientValues{32}(67) = complex(-0.0662085,0.524094);
dGradientValues{32}(68) = complex(-0.0989859,0.518902);
dGradientValues{32}(69) = complex(-0.131373,0.511663);
dGradientValues{32}(70) = complex(-0.163241,0.502405);
dGradientValues{32}(71) = complex(-0.194465,0.491163);
dGradientValues{32}(72) = complex(-0.224922,0.477983);
dGradientValues{32}(73) = complex(-0.254491,0.462917);
dGradientValues{32}(74) = complex(-0.283056,0.446024);
dGradientValues{32}(75) = complex(-0.310503,0.427371);
dGradientValues{32}(76) = complex(-0.336725,0.407031);
dGradientValues{32}(77) = complex(-0.361618,0.385085);
dGradientValues{32}(78) = complex(-0.385085,0.361618);
dGradientValues{32}(79) = complex(-0.407031,0.336725);
dGradientValues{32}(80) = complex(-0.427371,0.310503);
dGradientValues{32}(81) = complex(-0.446024,0.283056);
dGradientValues{32}(82) = complex(-0.462917,0.254491);
dGradientValues{32}(83) = complex(-0.477983,0.224922);
dGradientValues{32}(84) = complex(-0.491163,0.194465);
dGradientValues{32}(85) = complex(-0.502405,0.163241);
dGradientValues{32}(86) = complex(-0.511663,0.131373);
dGradientValues{32}(87) = complex(-0.518902,0.0989859);
dGradientValues{32}(88) = complex(-0.524094,0.0662085);
dGradientValues{32}(89) = complex(-0.527217,0.0331697);
dGradientValues{32}(90) = complex(-0.528259,-8.49517e-017);
dGradientValues{32}(91) = complex(-0.527217,-0.0331697);
dGradientValues{32}(92) = complex(-0.524094,-0.0662085);
dGradientValues{32}(93) = complex(-0.518902,-0.0989859);
dGradientValues{32}(94) = complex(-0.511663,-0.131373);
dGradientValues{32}(95) = complex(-0.502405,-0.163241);
dGradientValues{32}(96) = complex(-0.491163,-0.194465);
dGradientValues{32}(97) = complex(-0.477983,-0.224922);
dGradientValues{32}(98) = complex(-0.462917,-0.254491);
dGradientValues{32}(99) = complex(-0.446024,-0.283056);
dGradientValues{32}(100) = complex(-0.427371,-0.310503);
dGradientValues{32}(101) = complex(-0.407031,-0.336725);
dGradientValues{32}(102) = complex(-0.385085,-0.361618);
dGradientValues{32}(103) = complex(-0.361618,-0.385085);
dGradientValues{32}(104) = complex(-0.336725,-0.407031);
dGradientValues{32}(105) = complex(-0.310503,-0.427371);
dGradientValues{32}(106) = complex(-0.283056,-0.446024);
dGradientValues{32}(107) = complex(-0.254491,-0.462917);
dGradientValues{32}(108) = complex(-0.224922,-0.477983);
dGradientValues{32}(109) = complex(-0.194465,-0.491163);
dGradientValues{32}(110) = complex(-0.163241,-0.502405);
dGradientValues{32}(111) = complex(-0.131373,-0.511663);
dGradientValues{32}(112) = complex(-0.0989859,-0.518902);
dGradientValues{32}(113) = complex(-0.0662085,-0.524094);
dGradientValues{32}(114) = complex(-0.0331697,-0.527217);
dGradientValues{32}(115) = complex(1.69903e-016,-0.528259);
dGradientValues{32}(116) = complex(0.0331697,-0.527217);
dGradientValues{32}(117) = complex(0.0662085,-0.524094);
dGradientValues{32}(118) = complex(0.0989859,-0.518902);
dGradientValues{32}(119) = complex(0.131373,-0.511663);
dGradientValues{32}(120) = complex(0.163241,-0.502405);
dGradientValues{32}(121) = complex(0.194465,-0.491163);
dGradientValues{32}(122) = complex(0.224922,-0.477983);
dGradientValues{32}(123) = complex(0.254491,-0.462917);
dGradientValues{32}(124) = complex(0.283056,-0.446024);
dGradientValues{32}(125) = complex(0.310503,-0.427371);
dGradientValues{32}(126) = complex(0.336725,-0.407031);
dGradientValues{32}(127) = complex(0.361618,-0.385085);
dGradientValues{32}(128) = complex(0.385085,-0.361618);
dGradientValues{32}(129) = complex(0.407031,-0.336725);
dGradientValues{32}(130) = complex(0.427371,-0.310503);
dGradientValues{32}(131) = complex(0.446024,-0.283056);
dGradientValues{32}(132) = complex(0.462917,-0.254491);
dGradientValues{32}(133) = complex(0.477983,-0.224922);
dGradientValues{32}(134) = complex(0.491163,-0.194465);
dGradientValues{32}(135) = complex(0.502405,-0.163241);
dGradientValues{32}(136) = complex(0.511663,-0.131373);
dGradientValues{32}(137) = complex(0.518902,-0.0989859);
dGradientValues{32}(138) = complex(0.524094,-0.0662085);
dGradientValues{32}(139) = complex(0.527217,-0.0331697);
dGradientValues{32}(140) = complex(0.528259,-9.70365e-017);
