dMaxGradAmpl=40;
NumberOfLaunTrackPoints=57;
NumberOfLoopPoints=100;
NumberOfBrakeRunPoints=6;
dGradientValues{7}(1) = complex(0,0);
dGradientValues{7}(2) = complex(0,0);
dGradientValues{7}(3) = complex(0.00433148,-0.00637899);
dGradientValues{7}(4) = complex(0.00866297,-0.012758);
dGradientValues{7}(5) = complex(0.0129944,-0.019137);
dGradientValues{7}(6) = complex(0.0173259,-0.0255159);
dGradientValues{7}(7) = complex(0.0216574,-0.0318949);
dGradientValues{7}(8) = complex(0.0259889,-0.0382739);
dGradientValues{7}(9) = complex(0.0303204,-0.0446529);
dGradientValues{7}(10) = complex(0.0346519,-0.0510319);
dGradientValues{7}(11) = complex(0.0389833,-0.0574109);
dGradientValues{7}(12) = complex(0.0433148,-0.0637899);
dGradientValues{7}(13) = complex(0.0476463,-0.0701688);
dGradientValues{7}(14) = complex(0.0519778,-0.0765478);
dGradientValues{7}(15) = complex(0.0563093,-0.0829268);
dGradientValues{7}(16) = complex(0.0606408,-0.0893058);
dGradientValues{7}(17) = complex(0.0649722,-0.0956848);
dGradientValues{7}(18) = complex(0.0606408,-0.0893058);
dGradientValues{7}(19) = complex(0.0563093,-0.0829268);
dGradientValues{7}(20) = complex(0.0519778,-0.0765478);
dGradientValues{7}(21) = complex(0.0476463,-0.0701688);
dGradientValues{7}(22) = complex(0.0433148,-0.0637899);
dGradientValues{7}(23) = complex(0.0389833,-0.0574109);
dGradientValues{7}(24) = complex(0.0346519,-0.0510319);
dGradientValues{7}(25) = complex(0.0303204,-0.0446529);
dGradientValues{7}(26) = complex(0.0259889,-0.0382739);
dGradientValues{7}(27) = complex(0.0216574,-0.0318949);
dGradientValues{7}(28) = complex(0.0173259,-0.0255159);
dGradientValues{7}(29) = complex(0.0129944,-0.019137);
dGradientValues{7}(30) = complex(0.00866297,-0.012758);
dGradientValues{7}(31) = complex(0.00433148,-0.00637899);
dGradientValues{7}(32) = complex(-1.55919e-018,2.29622e-018);
dGradientValues{7}(33) = complex(0,0);
dGradientValues{7}(34) = complex(0.00659791,0.00450238);
dGradientValues{7}(35) = complex(0.0130734,0.00905385);
dGradientValues{7}(36) = complex(0.0193068,0.0136995);
dGradientValues{7}(37) = complex(0.0251847,0.0184767);
dGradientValues{7}(38) = complex(0.0306018,0.0234124);
dGradientValues{7}(39) = complex(0.0354635,0.0285206);
dGradientValues{7}(40) = complex(0.0396881,0.0338016);
dGradientValues{7}(41) = complex(0.0432077,0.0392419);
dGradientValues{7}(42) = complex(0.0459693,0.0448146);
dGradientValues{7}(43) = complex(0.0479354,0.0504818);
dGradientValues{7}(44) = complex(0.0490833,0.0561956);
dGradientValues{7}(45) = complex(0.0494048,0.0619014);
dGradientValues{7}(46) = complex(0.0489054,0.0675396);
dGradientValues{7}(47) = complex(0.0476026,0.0730486);
dGradientValues{7}(48) = complex(0.0455248,0.0783664);
dGradientValues{7}(49) = complex(0.0427094,0.0834326);
dGradientValues{7}(50) = complex(0.0392018,0.0881901);
dGradientValues{7}(51) = complex(0.035053,0.092586);
dGradientValues{7}(52) = complex(0.030319,0.0965725);
dGradientValues{7}(53) = complex(0.025059,0.100107);
dGradientValues{7}(54) = complex(0.0193344,0.103154);
dGradientValues{7}(55) = complex(0.0132078,0.105683);
dGradientValues{7}(56) = complex(0.00674201,0.107669);
dGradientValues{7}(57) = complex(0,0.109006);
dGradientValues{7}(58) = complex(-0.00684454,0.108791);
dGradientValues{7}(59) = complex(-0.0136621,0.108146);
dGradientValues{7}(60) = complex(-0.0204257,0.107075);
dGradientValues{7}(61) = complex(-0.0271087,0.105581);
dGradientValues{7}(62) = complex(-0.0336847,0.103671);
dGradientValues{7}(63) = complex(-0.0401278,0.101351);
dGradientValues{7}(64) = complex(-0.0464125,0.0986315);
dGradientValues{7}(65) = complex(-0.052514,0.0955226);
dGradientValues{7}(66) = complex(-0.0584083,0.0920367);
dGradientValues{7}(67) = complex(-0.0640721,0.0881876);
dGradientValues{7}(68) = complex(-0.069483,0.0839905);
dGradientValues{7}(69) = complex(-0.0746197,0.0794619);
dGradientValues{7}(70) = complex(-0.0794619,0.0746197);
dGradientValues{7}(71) = complex(-0.0839905,0.069483);
dGradientValues{7}(72) = complex(-0.0881876,0.0640721);
dGradientValues{7}(73) = complex(-0.0920367,0.0584083);
dGradientValues{7}(74) = complex(-0.0955226,0.052514);
dGradientValues{7}(75) = complex(-0.0986315,0.0464125);
dGradientValues{7}(76) = complex(-0.101351,0.0401278);
dGradientValues{7}(77) = complex(-0.103671,0.0336847);
dGradientValues{7}(78) = complex(-0.105581,0.0271087);
dGradientValues{7}(79) = complex(-0.107075,0.0204257);
dGradientValues{7}(80) = complex(-0.108146,0.0136621);
dGradientValues{7}(81) = complex(-0.108791,0.00684454);
dGradientValues{7}(82) = complex(-0.109006,-1.75297e-017);
dGradientValues{7}(83) = complex(-0.108791,-0.00684454);
dGradientValues{7}(84) = complex(-0.108146,-0.0136621);
dGradientValues{7}(85) = complex(-0.107075,-0.0204257);
dGradientValues{7}(86) = complex(-0.105581,-0.0271087);
dGradientValues{7}(87) = complex(-0.103671,-0.0336847);
dGradientValues{7}(88) = complex(-0.101351,-0.0401278);
dGradientValues{7}(89) = complex(-0.0986315,-0.0464125);
dGradientValues{7}(90) = complex(-0.0955226,-0.052514);
dGradientValues{7}(91) = complex(-0.0920367,-0.0584083);
dGradientValues{7}(92) = complex(-0.0881876,-0.0640721);
dGradientValues{7}(93) = complex(-0.0839905,-0.069483);
dGradientValues{7}(94) = complex(-0.0794619,-0.0746197);
dGradientValues{7}(95) = complex(-0.0746197,-0.0794619);
dGradientValues{7}(96) = complex(-0.069483,-0.0839905);
dGradientValues{7}(97) = complex(-0.0640721,-0.0881876);
dGradientValues{7}(98) = complex(-0.0584083,-0.0920367);
dGradientValues{7}(99) = complex(-0.052514,-0.0955226);
dGradientValues{7}(100) = complex(-0.0464125,-0.0986315);
dGradientValues{7}(101) = complex(-0.0401278,-0.101351);
dGradientValues{7}(102) = complex(-0.0336847,-0.103671);
dGradientValues{7}(103) = complex(-0.0271087,-0.105581);
dGradientValues{7}(104) = complex(-0.0204257,-0.107075);
dGradientValues{7}(105) = complex(-0.0136621,-0.108146);
dGradientValues{7}(106) = complex(-0.00684454,-0.108791);
dGradientValues{7}(107) = complex(3.50594e-017,-0.109006);
dGradientValues{7}(108) = complex(0.00684454,-0.108791);
dGradientValues{7}(109) = complex(0.0136621,-0.108146);
dGradientValues{7}(110) = complex(0.0204257,-0.107075);
dGradientValues{7}(111) = complex(0.0271087,-0.105581);
dGradientValues{7}(112) = complex(0.0336847,-0.103671);
dGradientValues{7}(113) = complex(0.0401278,-0.101351);
dGradientValues{7}(114) = complex(0.0464125,-0.0986315);
dGradientValues{7}(115) = complex(0.052514,-0.0955226);
dGradientValues{7}(116) = complex(0.0584083,-0.0920367);
dGradientValues{7}(117) = complex(0.0640721,-0.0881876);
dGradientValues{7}(118) = complex(0.069483,-0.0839905);
dGradientValues{7}(119) = complex(0.0746197,-0.0794619);
dGradientValues{7}(120) = complex(0.0794619,-0.0746197);
dGradientValues{7}(121) = complex(0.0839905,-0.069483);
dGradientValues{7}(122) = complex(0.0881876,-0.0640721);
dGradientValues{7}(123) = complex(0.0920367,-0.0584083);
dGradientValues{7}(124) = complex(0.0955226,-0.052514);
dGradientValues{7}(125) = complex(0.0986315,-0.0464125);
dGradientValues{7}(126) = complex(0.101351,-0.0401278);
dGradientValues{7}(127) = complex(0.103671,-0.0336847);
dGradientValues{7}(128) = complex(0.105581,-0.0271087);
dGradientValues{7}(129) = complex(0.107075,-0.0204257);
dGradientValues{7}(130) = complex(0.108146,-0.0136621);
dGradientValues{7}(131) = complex(0.108791,-0.00684454);
dGradientValues{7}(132) = complex(0.109006,-2.00234e-017);
dGradientValues{7}(133) = complex(0.108791,0.00684454);
dGradientValues{7}(134) = complex(0.108146,0.0136621);
dGradientValues{7}(135) = complex(0.107075,0.0204257);
dGradientValues{7}(136) = complex(0.105581,0.0271087);
dGradientValues{7}(137) = complex(0.103671,0.0336847);
dGradientValues{7}(138) = complex(0.101351,0.0401278);
dGradientValues{7}(139) = complex(0.0986315,0.0464125);
