dMaxGradAmpl=40;
NumberOfLaunTrackPoints=65;
NumberOfLoopPoints=100;
NumberOfBrakeRunPoints=9;
dGradientValues{11}(1) = complex(0,0);
dGradientValues{11}(2) = complex(0,0);
dGradientValues{11}(3) = complex(0.00303942,-0.0105169);
dGradientValues{11}(4) = complex(0.00607885,-0.0210338);
dGradientValues{11}(5) = complex(0.00911827,-0.0315506);
dGradientValues{11}(6) = complex(0.0121577,-0.0420675);
dGradientValues{11}(7) = complex(0.0151971,-0.0525844);
dGradientValues{11}(8) = complex(0.0182365,-0.0631013);
dGradientValues{11}(9) = complex(0.021276,-0.0736182);
dGradientValues{11}(10) = complex(0.0243154,-0.0841351);
dGradientValues{11}(11) = complex(0.0273548,-0.0946519);
dGradientValues{11}(12) = complex(0.0303942,-0.105169);
dGradientValues{11}(13) = complex(0.0334337,-0.115686);
dGradientValues{11}(14) = complex(0.0364731,-0.126203);
dGradientValues{11}(15) = complex(0.0395125,-0.136719);
dGradientValues{11}(16) = complex(0.0425519,-0.147236);
dGradientValues{11}(17) = complex(0.0455914,-0.157753);
dGradientValues{11}(18) = complex(0.0486308,-0.16827);
dGradientValues{11}(19) = complex(0.0455914,-0.157753);
dGradientValues{11}(20) = complex(0.0425519,-0.147236);
dGradientValues{11}(21) = complex(0.0395125,-0.136719);
dGradientValues{11}(22) = complex(0.0364731,-0.126203);
dGradientValues{11}(23) = complex(0.0334337,-0.115686);
dGradientValues{11}(24) = complex(0.0303942,-0.105169);
dGradientValues{11}(25) = complex(0.0273548,-0.0946519);
dGradientValues{11}(26) = complex(0.0243154,-0.0841351);
dGradientValues{11}(27) = complex(0.021276,-0.0736182);
dGradientValues{11}(28) = complex(0.0182365,-0.0631013);
dGradientValues{11}(29) = complex(0.0151971,-0.0525844);
dGradientValues{11}(30) = complex(0.0121577,-0.0420675);
dGradientValues{11}(31) = complex(0.00911827,-0.0315506);
dGradientValues{11}(32) = complex(0.00607885,-0.0210338);
dGradientValues{11}(33) = complex(0.00303942,-0.0105169);
dGradientValues{11}(34) = complex(0,0);
dGradientValues{11}(35) = complex(0,0);
dGradientValues{11}(36) = complex(0.0115046,0.00335158);
dGradientValues{11}(37) = complex(0.0228683,0.00682115);
dGradientValues{11}(38) = complex(0.0339519,0.0105206);
dGradientValues{11}(39) = complex(0.0446207,0.01455);
dGradientValues{11}(40) = complex(0.054746,0.0189928);
dGradientValues{11}(41) = complex(0.064207,0.0239122);
dGradientValues{11}(42) = complex(0.0728932,0.0293488);
dGradientValues{11}(43) = complex(0.0807058,0.0353196);
dGradientValues{11}(44) = complex(0.0875592,0.0418185);
dGradientValues{11}(45) = complex(0.0933822,0.0488177);
dGradientValues{11}(46) = complex(0.0981188,0.05627);
dGradientValues{11}(47) = complex(0.101728,0.0641118);
dGradientValues{11}(48) = complex(0.104186,0.0722668);
dGradientValues{11}(49) = complex(0.105481,0.0806489);
dGradientValues{11}(50) = complex(0.105618,0.0891657);
dGradientValues{11}(51) = complex(0.104613,0.0977217);
dGradientValues{11}(52) = complex(0.102497,0.106221);
dGradientValues{11}(53) = complex(0.0993067,0.114569);
dGradientValues{11}(54) = complex(0.095092,0.122676);
dGradientValues{11}(55) = complex(0.0899081,0.130455);
dGradientValues{11}(56) = complex(0.083817,0.137827);
dGradientValues{11}(57) = complex(0.0768857,0.14472);
dGradientValues{11}(58) = complex(0.0691845,0.151068);
dGradientValues{11}(59) = complex(0.0607866,0.156813);
dGradientValues{11}(60) = complex(0.0517671,0.161904);
dGradientValues{11}(61) = complex(0.0422018,0.166299);
dGradientValues{11}(62) = complex(0.0321668,0.169962);
dGradientValues{11}(63) = complex(0.021738,0.172862);
dGradientValues{11}(64) = complex(0.0109907,0.174978);
dGradientValues{11}(65) = complex(-7.33107e-018,0.176086);
dGradientValues{11}(66) = complex(-0.0110566,0.175739);
dGradientValues{11}(67) = complex(-0.0220695,0.174698);
dGradientValues{11}(68) = complex(-0.0329953,0.172967);
dGradientValues{11}(69) = complex(-0.0437909,0.170554);
dGradientValues{11}(70) = complex(-0.0544137,0.167468);
dGradientValues{11}(71) = complex(-0.0648218,0.163721);
dGradientValues{11}(72) = complex(-0.074974,0.159328);
dGradientValues{11}(73) = complex(-0.0848303,0.154306);
dGradientValues{11}(74) = complex(-0.0943518,0.148675);
dGradientValues{11}(75) = complex(-0.103501,0.142457);
dGradientValues{11}(76) = complex(-0.112242,0.135677);
dGradientValues{11}(77) = complex(-0.120539,0.128362);
dGradientValues{11}(78) = complex(-0.128362,0.120539);
dGradientValues{11}(79) = complex(-0.135677,0.112242);
dGradientValues{11}(80) = complex(-0.142457,0.103501);
dGradientValues{11}(81) = complex(-0.148675,0.0943518);
dGradientValues{11}(82) = complex(-0.154306,0.0848303);
dGradientValues{11}(83) = complex(-0.159328,0.074974);
dGradientValues{11}(84) = complex(-0.163721,0.0648218);
dGradientValues{11}(85) = complex(-0.167468,0.0544137);
dGradientValues{11}(86) = complex(-0.170554,0.0437909);
dGradientValues{11}(87) = complex(-0.172967,0.0329953);
dGradientValues{11}(88) = complex(-0.174698,0.0220695);
dGradientValues{11}(89) = complex(-0.175739,0.0110566);
dGradientValues{11}(90) = complex(-0.176086,-2.83172e-017);
dGradientValues{11}(91) = complex(-0.175739,-0.0110566);
dGradientValues{11}(92) = complex(-0.174698,-0.0220695);
dGradientValues{11}(93) = complex(-0.172967,-0.0329953);
dGradientValues{11}(94) = complex(-0.170554,-0.0437909);
dGradientValues{11}(95) = complex(-0.167468,-0.0544137);
dGradientValues{11}(96) = complex(-0.163721,-0.0648218);
dGradientValues{11}(97) = complex(-0.159328,-0.074974);
dGradientValues{11}(98) = complex(-0.154306,-0.0848303);
dGradientValues{11}(99) = complex(-0.148675,-0.0943518);
dGradientValues{11}(100) = complex(-0.142457,-0.103501);
dGradientValues{11}(101) = complex(-0.135677,-0.112242);
dGradientValues{11}(102) = complex(-0.128362,-0.120539);
dGradientValues{11}(103) = complex(-0.120539,-0.128362);
dGradientValues{11}(104) = complex(-0.112242,-0.135677);
dGradientValues{11}(105) = complex(-0.103501,-0.142457);
dGradientValues{11}(106) = complex(-0.0943518,-0.148675);
dGradientValues{11}(107) = complex(-0.0848303,-0.154306);
dGradientValues{11}(108) = complex(-0.074974,-0.159328);
dGradientValues{11}(109) = complex(-0.0648218,-0.163721);
dGradientValues{11}(110) = complex(-0.0544137,-0.167468);
dGradientValues{11}(111) = complex(-0.0437909,-0.170554);
dGradientValues{11}(112) = complex(-0.0329953,-0.172967);
dGradientValues{11}(113) = complex(-0.0220695,-0.174698);
dGradientValues{11}(114) = complex(-0.0110566,-0.175739);
dGradientValues{11}(115) = complex(5.66344e-017,-0.176086);
dGradientValues{11}(116) = complex(0.0110566,-0.175739);
dGradientValues{11}(117) = complex(0.0220695,-0.174698);
dGradientValues{11}(118) = complex(0.0329953,-0.172967);
dGradientValues{11}(119) = complex(0.0437909,-0.170554);
dGradientValues{11}(120) = complex(0.0544137,-0.167468);
dGradientValues{11}(121) = complex(0.0648218,-0.163721);
dGradientValues{11}(122) = complex(0.074974,-0.159328);
dGradientValues{11}(123) = complex(0.0848303,-0.154306);
dGradientValues{11}(124) = complex(0.0943518,-0.148675);
dGradientValues{11}(125) = complex(0.103501,-0.142457);
dGradientValues{11}(126) = complex(0.112242,-0.135677);
dGradientValues{11}(127) = complex(0.120539,-0.128362);
dGradientValues{11}(128) = complex(0.128362,-0.120539);
dGradientValues{11}(129) = complex(0.135677,-0.112242);
dGradientValues{11}(130) = complex(0.142457,-0.103501);
dGradientValues{11}(131) = complex(0.148675,-0.0943518);
dGradientValues{11}(132) = complex(0.154306,-0.0848303);
dGradientValues{11}(133) = complex(0.159328,-0.074974);
dGradientValues{11}(134) = complex(0.163721,-0.0648218);
dGradientValues{11}(135) = complex(0.167468,-0.0544137);
dGradientValues{11}(136) = complex(0.170554,-0.0437909);
dGradientValues{11}(137) = complex(0.172967,-0.0329953);
dGradientValues{11}(138) = complex(0.174698,-0.0220695);
dGradientValues{11}(139) = complex(0.175739,-0.0110566);
