dMaxGradAmpl=40;
NumberOfLaunTrackPoints=57;
NumberOfLoopPoints=100;
NumberOfBrakeRunPoints=17;
dGradientValues{20}(1) = complex(0,0);
dGradientValues{20}(2) = complex(0,0);
dGradientValues{20}(3) = complex(0.0129944,-0.019137);
dGradientValues{20}(4) = complex(0.0259889,-0.0382739);
dGradientValues{20}(5) = complex(0.0389833,-0.0574109);
dGradientValues{20}(6) = complex(0.0519778,-0.0765478);
dGradientValues{20}(7) = complex(0.0649722,-0.0956848);
dGradientValues{20}(8) = complex(0.0779667,-0.114822);
dGradientValues{20}(9) = complex(0.0909611,-0.133959);
dGradientValues{20}(10) = complex(0.103956,-0.153096);
dGradientValues{20}(11) = complex(0.11695,-0.172233);
dGradientValues{20}(12) = complex(0.129944,-0.19137);
dGradientValues{20}(13) = complex(0.142939,-0.210507);
dGradientValues{20}(14) = complex(0.155933,-0.229643);
dGradientValues{20}(15) = complex(0.168928,-0.24878);
dGradientValues{20}(16) = complex(0.181922,-0.267917);
dGradientValues{20}(17) = complex(0.194917,-0.287054);
dGradientValues{20}(18) = complex(0.181922,-0.267917);
dGradientValues{20}(19) = complex(0.168928,-0.24878);
dGradientValues{20}(20) = complex(0.155933,-0.229643);
dGradientValues{20}(21) = complex(0.142939,-0.210507);
dGradientValues{20}(22) = complex(0.129944,-0.19137);
dGradientValues{20}(23) = complex(0.11695,-0.172233);
dGradientValues{20}(24) = complex(0.103956,-0.153096);
dGradientValues{20}(25) = complex(0.0909611,-0.133959);
dGradientValues{20}(26) = complex(0.0779667,-0.114822);
dGradientValues{20}(27) = complex(0.0649722,-0.0956848);
dGradientValues{20}(28) = complex(0.0519778,-0.0765478);
dGradientValues{20}(29) = complex(0.0389833,-0.0574109);
dGradientValues{20}(30) = complex(0.0259889,-0.0382739);
dGradientValues{20}(31) = complex(0.0129944,-0.019137);
dGradientValues{20}(32) = complex(1.55919e-017,-2.29622e-017);
dGradientValues{20}(33) = complex(0,0);
dGradientValues{20}(34) = complex(0.0197937,0.0135071);
dGradientValues{20}(35) = complex(0.0392201,0.0271615);
dGradientValues{20}(36) = complex(0.0579205,0.0410985);
dGradientValues{20}(37) = complex(0.0755542,0.0554302);
dGradientValues{20}(38) = complex(0.0918053,0.0702373);
dGradientValues{20}(39) = complex(0.10639,0.0855619);
dGradientValues{20}(40) = complex(0.119064,0.101405);
dGradientValues{20}(41) = complex(0.129623,0.117726);
dGradientValues{20}(42) = complex(0.137908,0.134444);
dGradientValues{20}(43) = complex(0.143806,0.151445);
dGradientValues{20}(44) = complex(0.14725,0.168587);
dGradientValues{20}(45) = complex(0.148215,0.185704);
dGradientValues{20}(46) = complex(0.146716,0.202619);
dGradientValues{20}(47) = complex(0.142808,0.219146);
dGradientValues{20}(48) = complex(0.136574,0.235099);
dGradientValues{20}(49) = complex(0.128128,0.250298);
dGradientValues{20}(50) = complex(0.117605,0.26457);
dGradientValues{20}(51) = complex(0.105159,0.277758);
dGradientValues{20}(52) = complex(0.090957,0.289717);
dGradientValues{20}(53) = complex(0.075177,0.300322);
dGradientValues{20}(54) = complex(0.0580033,0.309463);
dGradientValues{20}(55) = complex(0.0396234,0.317049);
dGradientValues{20}(56) = complex(0.020226,0.323008);
dGradientValues{20}(57) = complex(-8.62274e-017,0.327018);
dGradientValues{20}(58) = complex(-0.0205336,0.326372);
dGradientValues{20}(59) = complex(-0.0409862,0.324439);
dGradientValues{20}(60) = complex(-0.061277,0.321225);
dGradientValues{20}(61) = complex(-0.081326,0.316744);
dGradientValues{20}(62) = complex(-0.101054,0.311012);
dGradientValues{20}(63) = complex(-0.120383,0.304053);
dGradientValues{20}(64) = complex(-0.139237,0.295894);
dGradientValues{20}(65) = complex(-0.157542,0.286568);
dGradientValues{20}(66) = complex(-0.175225,0.27611);
dGradientValues{20}(67) = complex(-0.192216,0.264563);
dGradientValues{20}(68) = complex(-0.208449,0.251971);
dGradientValues{20}(69) = complex(-0.223859,0.238386);
dGradientValues{20}(70) = complex(-0.238386,0.223859);
dGradientValues{20}(71) = complex(-0.251971,0.208449);
dGradientValues{20}(72) = complex(-0.264563,0.192216);
dGradientValues{20}(73) = complex(-0.27611,0.175225);
dGradientValues{20}(74) = complex(-0.286568,0.157542);
dGradientValues{20}(75) = complex(-0.295894,0.139237);
dGradientValues{20}(76) = complex(-0.304053,0.120383);
dGradientValues{20}(77) = complex(-0.311012,0.101054);
dGradientValues{20}(78) = complex(-0.316744,0.081326);
dGradientValues{20}(79) = complex(-0.321225,0.061277);
dGradientValues{20}(80) = complex(-0.324439,0.0409862);
dGradientValues{20}(81) = complex(-0.326372,0.0205336);
dGradientValues{20}(82) = complex(-0.327018,-1.25202e-016);
dGradientValues{20}(83) = complex(-0.326372,-0.0205336);
dGradientValues{20}(84) = complex(-0.324439,-0.0409862);
dGradientValues{20}(85) = complex(-0.321225,-0.061277);
dGradientValues{20}(86) = complex(-0.316744,-0.081326);
dGradientValues{20}(87) = complex(-0.311012,-0.101054);
dGradientValues{20}(88) = complex(-0.304053,-0.120383);
dGradientValues{20}(89) = complex(-0.295894,-0.139237);
dGradientValues{20}(90) = complex(-0.286568,-0.157542);
dGradientValues{20}(91) = complex(-0.27611,-0.175225);
dGradientValues{20}(92) = complex(-0.264563,-0.192216);
dGradientValues{20}(93) = complex(-0.251971,-0.208449);
dGradientValues{20}(94) = complex(-0.238386,-0.223859);
dGradientValues{20}(95) = complex(-0.223859,-0.238386);
dGradientValues{20}(96) = complex(-0.208449,-0.251971);
dGradientValues{20}(97) = complex(-0.192216,-0.264563);
dGradientValues{20}(98) = complex(-0.175225,-0.27611);
dGradientValues{20}(99) = complex(-0.157542,-0.286568);
dGradientValues{20}(100) = complex(-0.139237,-0.295894);
dGradientValues{20}(101) = complex(-0.120383,-0.304053);
dGradientValues{20}(102) = complex(-0.101054,-0.311012);
dGradientValues{20}(103) = complex(-0.081326,-0.316744);
dGradientValues{20}(104) = complex(-0.061277,-0.321225);
dGradientValues{20}(105) = complex(-0.0409862,-0.324439);
dGradientValues{20}(106) = complex(-0.0205336,-0.326372);
dGradientValues{20}(107) = complex(2.50403e-016,-0.327018);
dGradientValues{20}(108) = complex(0.0205336,-0.326372);
dGradientValues{20}(109) = complex(0.0409862,-0.324439);
dGradientValues{20}(110) = complex(0.061277,-0.321225);
dGradientValues{20}(111) = complex(0.081326,-0.316744);
dGradientValues{20}(112) = complex(0.101054,-0.311012);
dGradientValues{20}(113) = complex(0.120383,-0.304053);
dGradientValues{20}(114) = complex(0.139237,-0.295894);
dGradientValues{20}(115) = complex(0.157542,-0.286568);
dGradientValues{20}(116) = complex(0.175225,-0.27611);
dGradientValues{20}(117) = complex(0.192216,-0.264563);
dGradientValues{20}(118) = complex(0.208449,-0.251971);
dGradientValues{20}(119) = complex(0.223859,-0.238386);
dGradientValues{20}(120) = complex(0.238386,-0.223859);
dGradientValues{20}(121) = complex(0.251971,-0.208449);
dGradientValues{20}(122) = complex(0.264563,-0.192216);
dGradientValues{20}(123) = complex(0.27611,-0.175225);
dGradientValues{20}(124) = complex(0.286568,-0.157542);
dGradientValues{20}(125) = complex(0.295894,-0.139237);
dGradientValues{20}(126) = complex(0.304053,-0.120383);
dGradientValues{20}(127) = complex(0.311012,-0.101054);
dGradientValues{20}(128) = complex(0.316744,-0.081326);
dGradientValues{20}(129) = complex(0.321225,-0.061277);
dGradientValues{20}(130) = complex(0.324439,-0.0409862);
dGradientValues{20}(131) = complex(0.326372,-0.0205336);
dGradientValues{20}(132) = complex(0.327018,-6.00702e-017);
dGradientValues{20}(133) = complex(0.326372,0.0205336);
dGradientValues{20}(134) = complex(0.324439,0.0409862);
dGradientValues{20}(135) = complex(0.321225,0.061277);
dGradientValues{20}(136) = complex(0.316744,0.081326);
dGradientValues{20}(137) = complex(0.311012,0.101054);
dGradientValues{20}(138) = complex(0.304053,0.120383);
dGradientValues{20}(139) = complex(0.295894,0.139237);
dGradientValues{20}(140) = complex(0.286568,0.157542);
