dMaxGradAmpl=40;
NumberOfLaunTrackPoints=68;
NumberOfLoopPoints=100;
NumberOfBrakeRunPoints=19;
dGradientValues{22}(1) = complex(0,0);
dGradientValues{22}(2) = complex(0,0);
dGradientValues{22}(3) = complex(0.00259227,-0.0222655);
dGradientValues{22}(4) = complex(0.00518454,-0.0445309);
dGradientValues{22}(5) = complex(0.00777681,-0.0667964);
dGradientValues{22}(6) = complex(0.0103691,-0.0890618);
dGradientValues{22}(7) = complex(0.0129614,-0.111327);
dGradientValues{22}(8) = complex(0.0155536,-0.133593);
dGradientValues{22}(9) = complex(0.0181459,-0.155858);
dGradientValues{22}(10) = complex(0.0207382,-0.178124);
dGradientValues{22}(11) = complex(0.0233304,-0.200389);
dGradientValues{22}(12) = complex(0.0259227,-0.222655);
dGradientValues{22}(13) = complex(0.028515,-0.24492);
dGradientValues{22}(14) = complex(0.0311073,-0.267186);
dGradientValues{22}(15) = complex(0.0336995,-0.289451);
dGradientValues{22}(16) = complex(0.0362918,-0.311716);
dGradientValues{22}(17) = complex(0.0388841,-0.333982);
dGradientValues{22}(18) = complex(0.0414763,-0.356247);
dGradientValues{22}(19) = complex(0.0388841,-0.333982);
dGradientValues{22}(20) = complex(0.0362918,-0.311716);
dGradientValues{22}(21) = complex(0.0336995,-0.289451);
dGradientValues{22}(22) = complex(0.0311073,-0.267186);
dGradientValues{22}(23) = complex(0.028515,-0.24492);
dGradientValues{22}(24) = complex(0.0259227,-0.222655);
dGradientValues{22}(25) = complex(0.0233304,-0.200389);
dGradientValues{22}(26) = complex(0.0207382,-0.178124);
dGradientValues{22}(27) = complex(0.0181459,-0.155858);
dGradientValues{22}(28) = complex(0.0155536,-0.133593);
dGradientValues{22}(29) = complex(0.0129614,-0.111327);
dGradientValues{22}(30) = complex(0.0103691,-0.0890618);
dGradientValues{22}(31) = complex(0.00777681,-0.0667964);
dGradientValues{22}(32) = complex(0.00518454,-0.0445309);
dGradientValues{22}(33) = complex(0.00259227,-0.0222655);
dGradientValues{22}(34) = complex(0,0);
dGradientValues{22}(35) = complex(0,0);
dGradientValues{22}(36) = complex(0.0238,0.00282135);
dGradientValues{22}(37) = complex(0.0473662,0.00591549);
dGradientValues{22}(38) = complex(0.0704668,0.00954305);
dGradientValues{22}(39) = complex(0.092874,0.0139411);
dGradientValues{22}(40) = complex(0.114366,0.0193136);
dGradientValues{22}(41) = complex(0.134731,0.0258232);
dGradientValues{22}(42) = complex(0.153767,0.0335871);
dGradientValues{22}(43) = complex(0.171288,0.0426734);
dGradientValues{22}(44) = complex(0.187127,0.0531022);
dGradientValues{22}(45) = complex(0.201133,0.0648472);
dGradientValues{22}(46) = complex(0.213183,0.0778399);
dGradientValues{22}(47) = complex(0.223173,0.0919752);
dGradientValues{22}(48) = complex(0.231028,0.107117);
dGradientValues{22}(49) = complex(0.236696,0.123107);
dGradientValues{22}(50) = complex(0.240151,0.139767);
dGradientValues{22}(51) = complex(0.241392,0.156909);
dGradientValues{22}(52) = complex(0.24044,0.174339);
dGradientValues{22}(53) = complex(0.237336,0.191863);
dGradientValues{22}(54) = complex(0.232139,0.209289);
dGradientValues{22}(55) = complex(0.224928,0.226433);
dGradientValues{22}(56) = complex(0.215792,0.243119);
dGradientValues{22}(57) = complex(0.204834,0.259183);
dGradientValues{22}(58) = complex(0.192168,0.274472);
dGradientValues{22}(59) = complex(0.177913,0.288848);
dGradientValues{22}(60) = complex(0.162197,0.302186);
dGradientValues{22}(61) = complex(0.14515,0.314373);
dGradientValues{22}(62) = complex(0.126907,0.325312);
dGradientValues{22}(63) = complex(0.107604,0.334918);
dGradientValues{22}(64) = complex(0.08738,0.34312);
dGradientValues{22}(65) = complex(0.066371,0.349857);
dGradientValues{22}(66) = complex(0.0447144,0.355082);
dGradientValues{22}(67) = complex(0.0225456,0.358757);
dGradientValues{22}(68) = complex(2.0015e-017,0.360558);
dGradientValues{22}(69) = complex(-0.0226396,0.359847);
dGradientValues{22}(70) = complex(-0.0451899,0.357715);
dGradientValues{22}(71) = complex(-0.0675618,0.354172);
dGradientValues{22}(72) = complex(-0.0896671,0.34923);
dGradientValues{22}(73) = complex(-0.111419,0.342911);
dGradientValues{22}(74) = complex(-0.13273,0.335238);
dGradientValues{22}(75) = complex(-0.153518,0.326243);
dGradientValues{22}(76) = complex(-0.1737,0.315959);
dGradientValues{22}(77) = complex(-0.193197,0.304429);
dGradientValues{22}(78) = complex(-0.211931,0.291698);
dGradientValues{22}(79) = complex(-0.229828,0.277815);
dGradientValues{22}(80) = complex(-0.246819,0.262835);
dGradientValues{22}(81) = complex(-0.262835,0.246819);
dGradientValues{22}(82) = complex(-0.277815,0.229828);
dGradientValues{22}(83) = complex(-0.291698,0.211931);
dGradientValues{22}(84) = complex(-0.304429,0.193197);
dGradientValues{22}(85) = complex(-0.315959,0.1737);
dGradientValues{22}(86) = complex(-0.326243,0.153518);
dGradientValues{22}(87) = complex(-0.335238,0.13273);
dGradientValues{22}(88) = complex(-0.342911,0.111419);
dGradientValues{22}(89) = complex(-0.34923,0.0896671);
dGradientValues{22}(90) = complex(-0.354172,0.0675618);
dGradientValues{22}(91) = complex(-0.357715,0.0451899);
dGradientValues{22}(92) = complex(-0.359847,0.0226396);
dGradientValues{22}(93) = complex(-0.360558,-5.79829e-017);
dGradientValues{22}(94) = complex(-0.359847,-0.0226396);
dGradientValues{22}(95) = complex(-0.357715,-0.0451899);
dGradientValues{22}(96) = complex(-0.354172,-0.0675618);
dGradientValues{22}(97) = complex(-0.34923,-0.0896671);
dGradientValues{22}(98) = complex(-0.342911,-0.111419);
dGradientValues{22}(99) = complex(-0.335238,-0.13273);
dGradientValues{22}(100) = complex(-0.326243,-0.153518);
dGradientValues{22}(101) = complex(-0.315959,-0.1737);
dGradientValues{22}(102) = complex(-0.304429,-0.193197);
dGradientValues{22}(103) = complex(-0.291698,-0.211931);
dGradientValues{22}(104) = complex(-0.277815,-0.229828);
dGradientValues{22}(105) = complex(-0.262835,-0.246819);
dGradientValues{22}(106) = complex(-0.246819,-0.262835);
dGradientValues{22}(107) = complex(-0.229828,-0.277815);
dGradientValues{22}(108) = complex(-0.211931,-0.291698);
dGradientValues{22}(109) = complex(-0.193197,-0.304429);
dGradientValues{22}(110) = complex(-0.1737,-0.315959);
dGradientValues{22}(111) = complex(-0.153518,-0.326243);
dGradientValues{22}(112) = complex(-0.13273,-0.335238);
dGradientValues{22}(113) = complex(-0.111419,-0.342911);
dGradientValues{22}(114) = complex(-0.0896671,-0.34923);
dGradientValues{22}(115) = complex(-0.0675618,-0.354172);
dGradientValues{22}(116) = complex(-0.0451899,-0.357715);
dGradientValues{22}(117) = complex(-0.0226396,-0.359847);
dGradientValues{22}(118) = complex(1.15966e-016,-0.360558);
dGradientValues{22}(119) = complex(0.0226396,-0.359847);
dGradientValues{22}(120) = complex(0.0451899,-0.357715);
dGradientValues{22}(121) = complex(0.0675618,-0.354172);
dGradientValues{22}(122) = complex(0.0896671,-0.34923);
dGradientValues{22}(123) = complex(0.111419,-0.342911);
dGradientValues{22}(124) = complex(0.13273,-0.335238);
dGradientValues{22}(125) = complex(0.153518,-0.326243);
dGradientValues{22}(126) = complex(0.1737,-0.315959);
dGradientValues{22}(127) = complex(0.193197,-0.304429);
dGradientValues{22}(128) = complex(0.211931,-0.291698);
dGradientValues{22}(129) = complex(0.229828,-0.277815);
dGradientValues{22}(130) = complex(0.246819,-0.262835);
dGradientValues{22}(131) = complex(0.262835,-0.246819);
dGradientValues{22}(132) = complex(0.277815,-0.229828);
dGradientValues{22}(133) = complex(0.291698,-0.211931);
dGradientValues{22}(134) = complex(0.304429,-0.193197);
dGradientValues{22}(135) = complex(0.315959,-0.1737);
dGradientValues{22}(136) = complex(0.326243,-0.153518);
dGradientValues{22}(137) = complex(0.335238,-0.13273);
dGradientValues{22}(138) = complex(0.342911,-0.111419);
dGradientValues{22}(139) = complex(0.34923,-0.0896671);
dGradientValues{22}(140) = complex(0.354172,-0.0675618);
