dMaxGradAmpl=40;
NumberOfLaunTrackPoints=81;
NumberOfLoopPoints=100;
NumberOfBrakeRunPoints=7;
dGradientValues{8}(1) = complex(0,0);
dGradientValues{8}(2) = complex(0,0);
dGradientValues{8}(3) = complex(-0.00471372,-0.00623901);
dGradientValues{8}(4) = complex(-0.00942743,-0.012478);
dGradientValues{8}(5) = complex(-0.0141411,-0.018717);
dGradientValues{8}(6) = complex(-0.0188549,-0.024956);
dGradientValues{8}(7) = complex(-0.0235686,-0.031195);
dGradientValues{8}(8) = complex(-0.0282823,-0.037434);
dGradientValues{8}(9) = complex(-0.032996,-0.0436731);
dGradientValues{8}(10) = complex(-0.0377097,-0.0499121);
dGradientValues{8}(11) = complex(-0.0424234,-0.0561511);
dGradientValues{8}(12) = complex(-0.0471372,-0.0623901);
dGradientValues{8}(13) = complex(-0.0518509,-0.0686291);
dGradientValues{8}(14) = complex(-0.0565646,-0.0748681);
dGradientValues{8}(15) = complex(-0.0612783,-0.0811071);
dGradientValues{8}(16) = complex(-0.065992,-0.0873461);
dGradientValues{8}(17) = complex(-0.0707057,-0.0935851);
dGradientValues{8}(18) = complex(-0.0754195,-0.0998241);
dGradientValues{8}(19) = complex(-0.0707057,-0.0935851);
dGradientValues{8}(20) = complex(-0.065992,-0.0873461);
dGradientValues{8}(21) = complex(-0.0612783,-0.0811071);
dGradientValues{8}(22) = complex(-0.0565646,-0.0748681);
dGradientValues{8}(23) = complex(-0.0518509,-0.0686291);
dGradientValues{8}(24) = complex(-0.0471372,-0.0623901);
dGradientValues{8}(25) = complex(-0.0424234,-0.0561511);
dGradientValues{8}(26) = complex(-0.0377097,-0.0499121);
dGradientValues{8}(27) = complex(-0.032996,-0.0436731);
dGradientValues{8}(28) = complex(-0.0282823,-0.037434);
dGradientValues{8}(29) = complex(-0.0235686,-0.031195);
dGradientValues{8}(30) = complex(-0.0188549,-0.024956);
dGradientValues{8}(31) = complex(-0.0141411,-0.018717);
dGradientValues{8}(32) = complex(-0.00942743,-0.012478);
dGradientValues{8}(33) = complex(-0.00471372,-0.00623901);
dGradientValues{8}(34) = complex(-3.3463e-018,-4.42912e-018);
dGradientValues{8}(35) = complex(0,0);
dGradientValues{8}(36) = complex(0.00638415,-0.00480338);
dGradientValues{8}(37) = complex(0.0127746,-0.00949247);
dGradientValues{8}(38) = complex(0.0191753,-0.0139561);
dGradientValues{8}(39) = complex(0.0255865,-0.018089);
dGradientValues{8}(40) = complex(0.0320024,-0.0217947);
dGradientValues{8}(41) = complex(0.0384108,-0.0249876);
dGradientValues{8}(42) = complex(0.0447919,-0.027595);
dGradientValues{8}(43) = complex(0.0511191,-0.0295579);
dGradientValues{8}(44) = complex(0.057359,-0.030832);
dGradientValues{8}(45) = complex(0.0634725,-0.031388);
dGradientValues{8}(46) = complex(0.0694163,-0.0312108);
dGradientValues{8}(47) = complex(0.0751444,-0.030299);
dGradientValues{8}(48) = complex(0.0806093,-0.0286641);
dGradientValues{8}(49) = complex(0.0857639,-0.0263285);
dGradientValues{8}(50) = complex(0.0905625,-0.0233246);
dGradientValues{8}(51) = complex(0.0949622,-0.0196929);
dGradientValues{8}(52) = complex(0.0989235,-0.0154806);
dGradientValues{8}(53) = complex(0.102411,-0.01074);
dGradientValues{8}(54) = complex(0.105396,-0.00552743);
dGradientValues{8}(55) = complex(0.107851,9.85784e-005);
dGradientValues{8}(56) = complex(0.109758,0.0060779);
dGradientValues{8}(57) = complex(0.111101,0.01235);
dGradientValues{8}(58) = complex(0.11187,0.0188546);
dGradientValues{8}(59) = complex(0.11206,0.0255325);
dGradientValues{8}(60) = complex(0.111671,0.032326);
dGradientValues{8}(61) = complex(0.110705,0.0391792);
dGradientValues{8}(62) = complex(0.109171,0.0460387);
dGradientValues{8}(63) = complex(0.107079,0.0528532);
dGradientValues{8}(64) = complex(0.104443,0.0595742);
dGradientValues{8}(65) = complex(0.10128,0.0661559);
dGradientValues{8}(66) = complex(0.0976084,0.0725554);
dGradientValues{8}(67) = complex(0.0934511,0.0787324);
dGradientValues{8}(68) = complex(0.0888315,0.0846494);
dGradientValues{8}(69) = complex(0.083775,0.0902717);
dGradientValues{8}(70) = complex(0.078309,0.0955676);
dGradientValues{8}(71) = complex(0.0724618,0.100508);
dGradientValues{8}(72) = complex(0.0662634,0.105066);
dGradientValues{8}(73) = complex(0.0597446,0.109218);
dGradientValues{8}(74) = complex(0.0529372,0.112943);
dGradientValues{8}(75) = complex(0.0458737,0.116222);
dGradientValues{8}(76) = complex(0.0385873,0.119039);
dGradientValues{8}(77) = complex(0.0311116,0.12138);
dGradientValues{8}(78) = complex(0.0234807,0.123233);
dGradientValues{8}(79) = complex(0.0157289,0.124591);
dGradientValues{8}(80) = complex(0.00789048,0.125447);
dGradientValues{8}(81) = complex(-3.49099e-017,0.125776);
dGradientValues{8}(82) = complex(-0.00789754,0.125528);
dGradientValues{8}(83) = complex(-0.0157639,0.124784);
dGradientValues{8}(84) = complex(-0.0235681,0.123548);
dGradientValues{8}(85) = complex(-0.0312792,0.121825);
dGradientValues{8}(86) = complex(-0.0388669,0.11962);
dGradientValues{8}(87) = complex(-0.0463013,0.116944);
dGradientValues{8}(88) = complex(-0.0535528,0.113806);
dGradientValues{8}(89) = complex(-0.0605931,0.110218);
dGradientValues{8}(90) = complex(-0.0673942,0.106196);
dGradientValues{8}(91) = complex(-0.0739293,0.101755);
dGradientValues{8}(92) = complex(-0.0801727,0.0969121);
dGradientValues{8}(93) = complex(-0.0860996,0.0916868);
dGradientValues{8}(94) = complex(-0.0916868,0.0860996);
dGradientValues{8}(95) = complex(-0.0969121,0.0801727);
dGradientValues{8}(96) = complex(-0.101755,0.0739293);
dGradientValues{8}(97) = complex(-0.106196,0.0673942);
dGradientValues{8}(98) = complex(-0.110218,0.0605931);
dGradientValues{8}(99) = complex(-0.113806,0.0535528);
dGradientValues{8}(100) = complex(-0.116944,0.0463013);
dGradientValues{8}(101) = complex(-0.11962,0.0388669);
dGradientValues{8}(102) = complex(-0.121825,0.0312792);
dGradientValues{8}(103) = complex(-0.123548,0.0235681);
dGradientValues{8}(104) = complex(-0.124784,0.0157639);
dGradientValues{8}(105) = complex(-0.125528,0.00789754);
dGradientValues{8}(106) = complex(-0.125776,-4.81545e-017);
dGradientValues{8}(107) = complex(-0.125528,-0.00789754);
dGradientValues{8}(108) = complex(-0.124784,-0.0157639);
dGradientValues{8}(109) = complex(-0.123548,-0.0235681);
dGradientValues{8}(110) = complex(-0.121825,-0.0312792);
dGradientValues{8}(111) = complex(-0.11962,-0.0388669);
dGradientValues{8}(112) = complex(-0.116944,-0.0463013);
dGradientValues{8}(113) = complex(-0.113806,-0.0535528);
dGradientValues{8}(114) = complex(-0.110218,-0.0605931);
dGradientValues{8}(115) = complex(-0.106196,-0.0673942);
dGradientValues{8}(116) = complex(-0.101755,-0.0739293);
dGradientValues{8}(117) = complex(-0.0969121,-0.0801727);
dGradientValues{8}(118) = complex(-0.0916868,-0.0860996);
dGradientValues{8}(119) = complex(-0.0860996,-0.0916868);
dGradientValues{8}(120) = complex(-0.0801727,-0.0969121);
dGradientValues{8}(121) = complex(-0.0739293,-0.101755);
dGradientValues{8}(122) = complex(-0.0673942,-0.106196);
dGradientValues{8}(123) = complex(-0.0605931,-0.110218);
dGradientValues{8}(124) = complex(-0.0535528,-0.113806);
dGradientValues{8}(125) = complex(-0.0463013,-0.116944);
dGradientValues{8}(126) = complex(-0.0388669,-0.11962);
dGradientValues{8}(127) = complex(-0.0312792,-0.121825);
dGradientValues{8}(128) = complex(-0.0235681,-0.123548);
dGradientValues{8}(129) = complex(-0.0157639,-0.124784);
dGradientValues{8}(130) = complex(-0.00789754,-0.125528);
dGradientValues{8}(131) = complex(9.6309e-017,-0.125776);
dGradientValues{8}(132) = complex(0.00789754,-0.125528);
dGradientValues{8}(133) = complex(0.0157639,-0.124784);
dGradientValues{8}(134) = complex(0.0235681,-0.123548);
dGradientValues{8}(135) = complex(0.0312792,-0.121825);
dGradientValues{8}(136) = complex(0.0388669,-0.11962);
dGradientValues{8}(137) = complex(0.0463013,-0.116944);
dGradientValues{8}(138) = complex(0.0535528,-0.113806);
dGradientValues{8}(139) = complex(0.0605931,-0.110218);
