dMaxGradAmpl=40;
NumberOfLaunTrackPoints=49;
NumberOfLoopPoints=100;
NumberOfBrakeRunPoints=5;
dGradientValues{6}(1) = complex(0,0);
dGradientValues{6}(2) = complex(0,0);
dGradientValues{6}(3) = complex(0.00571245,-0.0048439);
dGradientValues{6}(4) = complex(0.0114249,-0.00968779);
dGradientValues{6}(5) = complex(0.0171373,-0.0145317);
dGradientValues{6}(6) = complex(0.0228498,-0.0193756);
dGradientValues{6}(7) = complex(0.0285622,-0.0242195);
dGradientValues{6}(8) = complex(0.0342747,-0.0290634);
dGradientValues{6}(9) = complex(0.0399871,-0.0339073);
dGradientValues{6}(10) = complex(0.0456996,-0.0387512);
dGradientValues{6}(11) = complex(0.051412,-0.0435951);
dGradientValues{6}(12) = complex(0.0571245,-0.048439);
dGradientValues{6}(13) = complex(0.0628369,-0.0532828);
dGradientValues{6}(14) = complex(0.0685493,-0.0581267);
dGradientValues{6}(15) = complex(0.0742618,-0.0629706);
dGradientValues{6}(16) = complex(0.0799742,-0.0678145);
dGradientValues{6}(17) = complex(0.0742618,-0.0629706);
dGradientValues{6}(18) = complex(0.0685493,-0.0581267);
dGradientValues{6}(19) = complex(0.0628369,-0.0532828);
dGradientValues{6}(20) = complex(0.0571245,-0.048439);
dGradientValues{6}(21) = complex(0.051412,-0.0435951);
dGradientValues{6}(22) = complex(0.0456996,-0.0387512);
dGradientValues{6}(23) = complex(0.0399871,-0.0339073);
dGradientValues{6}(24) = complex(0.0342747,-0.0290634);
dGradientValues{6}(25) = complex(0.0285622,-0.0242195);
dGradientValues{6}(26) = complex(0.0228498,-0.0193756);
dGradientValues{6}(27) = complex(0.0171373,-0.0145317);
dGradientValues{6}(28) = complex(0.0114249,-0.00968779);
dGradientValues{6}(29) = complex(0.00571245,-0.0048439);
dGradientValues{6}(30) = complex(-1.48186e-017,1.25655e-017);
dGradientValues{6}(31) = complex(0,0);
dGradientValues{6}(32) = complex(0.00514796,0.00610465);
dGradientValues{6}(33) = complex(0.0101412,0.0122263);
dGradientValues{6}(34) = complex(0.0148303,0.0183777);
dGradientValues{6}(35) = complex(0.0190767,0.0245635);
dGradientValues{6}(36) = complex(0.0227569,0.0307778);
dGradientValues{6}(37) = complex(0.0257658,0.0370022);
dGradientValues{6}(38) = complex(0.0280199,0.0432054);
dGradientValues{6}(39) = complex(0.0294581,0.0493448);
dGradientValues{6}(40) = complex(0.0300424,0.0553675);
dGradientValues{6}(41) = complex(0.029757,0.0612135);
dGradientValues{6}(42) = complex(0.0286068,0.0668185);
dGradientValues{6}(43) = complex(0.0266152,0.0721163);
dGradientValues{6}(44) = complex(0.0238219,0.0770424);
dGradientValues{6}(45) = complex(0.0202796,0.0815355);
dGradientValues{6}(46) = complex(0.0160516,0.0855398);
dGradientValues{6}(47) = complex(0.011209,0.0890063);
dGradientValues{6}(48) = complex(0.00582846,0.0918934);
dGradientValues{6}(49) = complex(-2.56006e-018,0.0922358);
dGradientValues{6}(50) = complex(-0.00579153,0.0920538);
dGradientValues{6}(51) = complex(-0.0115602,0.0915085);
dGradientValues{6}(52) = complex(-0.0172833,0.090602);
dGradientValues{6}(53) = complex(-0.0229381,0.089338);
dGradientValues{6}(54) = complex(-0.0285024,0.0877214);
dGradientValues{6}(55) = complex(-0.0339543,0.0857586);
dGradientValues{6}(56) = complex(-0.0392721,0.0834574);
dGradientValues{6}(57) = complex(-0.0444349,0.0808268);
dGradientValues{6}(58) = complex(-0.0494224,0.0778772);
dGradientValues{6}(59) = complex(-0.0542148,0.0746203);
dGradientValues{6}(60) = complex(-0.0587933,0.0710689);
dGradientValues{6}(61) = complex(-0.0631397,0.067237);
dGradientValues{6}(62) = complex(-0.067237,0.0631397);
dGradientValues{6}(63) = complex(-0.0710689,0.0587933);
dGradientValues{6}(64) = complex(-0.0746203,0.0542148);
dGradientValues{6}(65) = complex(-0.0778772,0.0494224);
dGradientValues{6}(66) = complex(-0.0808268,0.0444349);
dGradientValues{6}(67) = complex(-0.0834574,0.0392721);
dGradientValues{6}(68) = complex(-0.0857586,0.0339543);
dGradientValues{6}(69) = complex(-0.0877214,0.0285024);
dGradientValues{6}(70) = complex(-0.089338,0.0229381);
dGradientValues{6}(71) = complex(-0.090602,0.0172833);
dGradientValues{6}(72) = complex(-0.0915085,0.0115602);
dGradientValues{6}(73) = complex(-0.0920538,0.00579153);
dGradientValues{6}(74) = complex(-0.0922358,-1.48328e-017);
dGradientValues{6}(75) = complex(-0.0920538,-0.00579153);
dGradientValues{6}(76) = complex(-0.0915085,-0.0115602);
dGradientValues{6}(77) = complex(-0.090602,-0.0172833);
dGradientValues{6}(78) = complex(-0.089338,-0.0229381);
dGradientValues{6}(79) = complex(-0.0877214,-0.0285024);
dGradientValues{6}(80) = complex(-0.0857586,-0.0339543);
dGradientValues{6}(81) = complex(-0.0834574,-0.0392721);
dGradientValues{6}(82) = complex(-0.0808268,-0.0444349);
dGradientValues{6}(83) = complex(-0.0778772,-0.0494224);
dGradientValues{6}(84) = complex(-0.0746203,-0.0542148);
dGradientValues{6}(85) = complex(-0.0710689,-0.0587933);
dGradientValues{6}(86) = complex(-0.067237,-0.0631397);
dGradientValues{6}(87) = complex(-0.0631397,-0.067237);
dGradientValues{6}(88) = complex(-0.0587933,-0.0710689);
dGradientValues{6}(89) = complex(-0.0542148,-0.0746203);
dGradientValues{6}(90) = complex(-0.0494224,-0.0778772);
dGradientValues{6}(91) = complex(-0.0444349,-0.0808268);
dGradientValues{6}(92) = complex(-0.0392721,-0.0834574);
dGradientValues{6}(93) = complex(-0.0339543,-0.0857586);
dGradientValues{6}(94) = complex(-0.0285024,-0.0877214);
dGradientValues{6}(95) = complex(-0.0229381,-0.089338);
dGradientValues{6}(96) = complex(-0.0172833,-0.090602);
dGradientValues{6}(97) = complex(-0.0115602,-0.0915085);
dGradientValues{6}(98) = complex(-0.00579153,-0.0920538);
dGradientValues{6}(99) = complex(2.96657e-017,-0.0922358);
dGradientValues{6}(100) = complex(0.00579153,-0.0920538);
dGradientValues{6}(101) = complex(0.0115602,-0.0915085);
dGradientValues{6}(102) = complex(0.0172833,-0.090602);
dGradientValues{6}(103) = complex(0.0229381,-0.089338);
dGradientValues{6}(104) = complex(0.0285024,-0.0877214);
dGradientValues{6}(105) = complex(0.0339543,-0.0857586);
dGradientValues{6}(106) = complex(0.0392721,-0.0834574);
dGradientValues{6}(107) = complex(0.0444349,-0.0808268);
dGradientValues{6}(108) = complex(0.0494224,-0.0778772);
dGradientValues{6}(109) = complex(0.0542148,-0.0746203);
dGradientValues{6}(110) = complex(0.0587933,-0.0710689);
dGradientValues{6}(111) = complex(0.0631397,-0.067237);
dGradientValues{6}(112) = complex(0.067237,-0.0631397);
dGradientValues{6}(113) = complex(0.0710689,-0.0587933);
dGradientValues{6}(114) = complex(0.0746203,-0.0542148);
dGradientValues{6}(115) = complex(0.0778772,-0.0494224);
dGradientValues{6}(116) = complex(0.0808268,-0.0444349);
dGradientValues{6}(117) = complex(0.0834574,-0.0392721);
dGradientValues{6}(118) = complex(0.0857586,-0.0339543);
dGradientValues{6}(119) = complex(0.0877214,-0.0285024);
dGradientValues{6}(120) = complex(0.089338,-0.0229381);
dGradientValues{6}(121) = complex(0.090602,-0.0172833);
dGradientValues{6}(122) = complex(0.0915085,-0.0115602);
dGradientValues{6}(123) = complex(0.0920538,-0.00579153);
dGradientValues{6}(124) = complex(0.0922358,-1.69429e-017);
dGradientValues{6}(125) = complex(0.0920538,0.00579153);
dGradientValues{6}(126) = complex(0.0915085,0.0115602);
dGradientValues{6}(127) = complex(0.090602,0.0172833);
dGradientValues{6}(128) = complex(0.089338,0.0229381);
dGradientValues{6}(129) = complex(0.0877214,0.0285024);
dGradientValues{6}(130) = complex(0.0857586,0.0339543);
dGradientValues{6}(131) = complex(0.0834574,0.0392721);
dGradientValues{6}(132) = complex(0.0808268,0.0444349);
dGradientValues{6}(133) = complex(0.0778772,0.0494224);
dGradientValues{6}(134) = complex(0.0746203,0.0542148);
dGradientValues{6}(135) = complex(0.0710689,0.0587933);
dGradientValues{6}(136) = complex(0.067237,0.0631397);
dGradientValues{6}(137) = complex(0.0631397,0.067237);
dGradientValues{6}(138) = complex(0.0587933,0.0710689);
dGradientValues{6}(139) = complex(0.0542148,0.0746203);
