dMaxGradAmpl=40;
NumberOfLaunTrackPoints=58;
NumberOfLoopPoints=100;
NumberOfBrakeRunPoints=14;
dGradientValues{17}(1) = complex(0,0);
dGradientValues{17}(2) = complex(0,0);
dGradientValues{17}(3) = complex(0.0101533,-0.0167336);
dGradientValues{17}(4) = complex(0.0203066,-0.0334673);
dGradientValues{17}(5) = complex(0.0304599,-0.0502009);
dGradientValues{17}(6) = complex(0.0406131,-0.0669345);
dGradientValues{17}(7) = complex(0.0507664,-0.0836682);
dGradientValues{17}(8) = complex(0.0609197,-0.100402);
dGradientValues{17}(9) = complex(0.071073,-0.117135);
dGradientValues{17}(10) = complex(0.0812263,-0.133869);
dGradientValues{17}(11) = complex(0.0913796,-0.150603);
dGradientValues{17}(12) = complex(0.101533,-0.167336);
dGradientValues{17}(13) = complex(0.111686,-0.18407);
dGradientValues{17}(14) = complex(0.121839,-0.200804);
dGradientValues{17}(15) = complex(0.131993,-0.217537);
dGradientValues{17}(16) = complex(0.142146,-0.234271);
dGradientValues{17}(17) = complex(0.152299,-0.251005);
dGradientValues{17}(18) = complex(0.142146,-0.234271);
dGradientValues{17}(19) = complex(0.131993,-0.217537);
dGradientValues{17}(20) = complex(0.121839,-0.200804);
dGradientValues{17}(21) = complex(0.111686,-0.18407);
dGradientValues{17}(22) = complex(0.101533,-0.167336);
dGradientValues{17}(23) = complex(0.0913796,-0.150603);
dGradientValues{17}(24) = complex(0.0812263,-0.133869);
dGradientValues{17}(25) = complex(0.071073,-0.117135);
dGradientValues{17}(26) = complex(0.0609197,-0.100402);
dGradientValues{17}(27) = complex(0.0507664,-0.0836682);
dGradientValues{17}(28) = complex(0.0406131,-0.0669345);
dGradientValues{17}(29) = complex(0.0304599,-0.0502009);
dGradientValues{17}(30) = complex(0.0203066,-0.0334673);
dGradientValues{17}(31) = complex(0.0101533,-0.0167336);
dGradientValues{17}(32) = complex(-2.87958e-018,4.74583e-018);
dGradientValues{17}(33) = complex(0,0);
dGradientValues{17}(34) = complex(0.0170493,0.0103978);
dGradientValues{17}(35) = complex(0.0338036,0.0209318);
dGradientValues{17}(36) = complex(0.0499747,0.031728);
dGradientValues{17}(37) = complex(0.0652874,0.0428932);
dGradientValues{17}(38) = complex(0.0794858,0.0545076);
dGradientValues{17}(39) = complex(0.0923385,0.0666187);
dGradientValues{17}(40) = complex(0.103643,0.0792391);
dGradientValues{17}(41) = complex(0.113229,0.0923457);
dGradientValues{17}(42) = complex(0.120961,0.105881);
dGradientValues{17}(43) = complex(0.126739,0.119759);
dGradientValues{17}(44) = complex(0.130499,0.133865);
dGradientValues{17}(45) = complex(0.132212,0.148068);
dGradientValues{17}(46) = complex(0.13188,0.162222);
dGradientValues{17}(47) = complex(0.129536,0.176173);
dGradientValues{17}(48) = complex(0.12524,0.189765);
dGradientValues{17}(49) = complex(0.119074,0.202845);
dGradientValues{17}(50) = complex(0.111139,0.215265);
dGradientValues{17}(51) = complex(0.101554,0.226887);
dGradientValues{17}(52) = complex(0.0904486,0.237586);
dGradientValues{17}(53) = complex(0.0779615,0.247247);
dGradientValues{17}(54) = complex(0.0642386,0.255773);
dGradientValues{17}(55) = complex(0.0494295,0.263078);
dGradientValues{17}(56) = complex(0.0336857,0.269092);
dGradientValues{17}(57) = complex(0.0171586,0.273759);
dGradientValues{17}(58) = complex(7.68017e-018,0.276707);
dGradientValues{17}(59) = complex(-0.0173746,0.276161);
dGradientValues{17}(60) = complex(-0.0346806,0.274525);
dGradientValues{17}(61) = complex(-0.0518498,0.271806);
dGradientValues{17}(62) = complex(-0.0688143,0.268014);
dGradientValues{17}(63) = complex(-0.0855073,0.263164);
dGradientValues{17}(64) = complex(-0.101863,0.257276);
dGradientValues{17}(65) = complex(-0.117816,0.250372);
dGradientValues{17}(66) = complex(-0.133305,0.24248);
dGradientValues{17}(67) = complex(-0.148267,0.233632);
dGradientValues{17}(68) = complex(-0.162644,0.223861);
dGradientValues{17}(69) = complex(-0.17638,0.213207);
dGradientValues{17}(70) = complex(-0.189419,0.201711);
dGradientValues{17}(71) = complex(-0.201711,0.189419);
dGradientValues{17}(72) = complex(-0.213207,0.17638);
dGradientValues{17}(73) = complex(-0.223861,0.162644);
dGradientValues{17}(74) = complex(-0.233632,0.148267);
dGradientValues{17}(75) = complex(-0.24248,0.133305);
dGradientValues{17}(76) = complex(-0.250372,0.117816);
dGradientValues{17}(77) = complex(-0.257276,0.101863);
dGradientValues{17}(78) = complex(-0.263164,0.0855073);
dGradientValues{17}(79) = complex(-0.268014,0.0688143);
dGradientValues{17}(80) = complex(-0.271806,0.0518498);
dGradientValues{17}(81) = complex(-0.274525,0.0346806);
dGradientValues{17}(82) = complex(-0.276161,0.0173746);
dGradientValues{17}(83) = complex(-0.276707,-4.44985e-017);
dGradientValues{17}(84) = complex(-0.276161,-0.0173746);
dGradientValues{17}(85) = complex(-0.274525,-0.0346806);
dGradientValues{17}(86) = complex(-0.271806,-0.0518498);
dGradientValues{17}(87) = complex(-0.268014,-0.0688143);
dGradientValues{17}(88) = complex(-0.263164,-0.0855073);
dGradientValues{17}(89) = complex(-0.257276,-0.101863);
dGradientValues{17}(90) = complex(-0.250372,-0.117816);
dGradientValues{17}(91) = complex(-0.24248,-0.133305);
dGradientValues{17}(92) = complex(-0.233632,-0.148267);
dGradientValues{17}(93) = complex(-0.223861,-0.162644);
dGradientValues{17}(94) = complex(-0.213207,-0.17638);
dGradientValues{17}(95) = complex(-0.201711,-0.189419);
dGradientValues{17}(96) = complex(-0.189419,-0.201711);
dGradientValues{17}(97) = complex(-0.17638,-0.213207);
dGradientValues{17}(98) = complex(-0.162644,-0.223861);
dGradientValues{17}(99) = complex(-0.148267,-0.233632);
dGradientValues{17}(100) = complex(-0.133305,-0.24248);
dGradientValues{17}(101) = complex(-0.117816,-0.250372);
dGradientValues{17}(102) = complex(-0.101863,-0.257276);
dGradientValues{17}(103) = complex(-0.0855073,-0.263164);
dGradientValues{17}(104) = complex(-0.0688143,-0.268014);
dGradientValues{17}(105) = complex(-0.0518498,-0.271806);
dGradientValues{17}(106) = complex(-0.0346806,-0.274525);
dGradientValues{17}(107) = complex(-0.0173746,-0.276161);
dGradientValues{17}(108) = complex(8.8997e-017,-0.276707);
dGradientValues{17}(109) = complex(0.0173746,-0.276161);
dGradientValues{17}(110) = complex(0.0346806,-0.274525);
dGradientValues{17}(111) = complex(0.0518498,-0.271806);
dGradientValues{17}(112) = complex(0.0688143,-0.268014);
dGradientValues{17}(113) = complex(0.0855073,-0.263164);
dGradientValues{17}(114) = complex(0.101863,-0.257276);
dGradientValues{17}(115) = complex(0.117816,-0.250372);
dGradientValues{17}(116) = complex(0.133305,-0.24248);
dGradientValues{17}(117) = complex(0.148267,-0.233632);
dGradientValues{17}(118) = complex(0.162644,-0.223861);
dGradientValues{17}(119) = complex(0.17638,-0.213207);
dGradientValues{17}(120) = complex(0.189419,-0.201711);
dGradientValues{17}(121) = complex(0.201711,-0.189419);
dGradientValues{17}(122) = complex(0.213207,-0.17638);
dGradientValues{17}(123) = complex(0.223861,-0.162644);
dGradientValues{17}(124) = complex(0.233632,-0.148267);
dGradientValues{17}(125) = complex(0.24248,-0.133305);
dGradientValues{17}(126) = complex(0.250372,-0.117816);
dGradientValues{17}(127) = complex(0.257276,-0.101863);
dGradientValues{17}(128) = complex(0.263164,-0.0855073);
dGradientValues{17}(129) = complex(0.268014,-0.0688143);
dGradientValues{17}(130) = complex(0.271806,-0.0518498);
dGradientValues{17}(131) = complex(0.274525,-0.0346806);
dGradientValues{17}(132) = complex(0.276161,-0.0173746);
dGradientValues{17}(133) = complex(0.276707,-5.08286e-017);
dGradientValues{17}(134) = complex(0.276161,0.0173746);
dGradientValues{17}(135) = complex(0.274525,0.0346806);
dGradientValues{17}(136) = complex(0.271806,0.0518498);
dGradientValues{17}(137) = complex(0.268014,0.0688143);
dGradientValues{17}(138) = complex(0.263164,0.0855073);
dGradientValues{17}(139) = complex(0.257276,0.101863);
