dMaxGradAmpl=40;
NumberOfLaunTrackPoints=50;
NumberOfLoopPoints=100;
NumberOfBrakeRunPoints=10;
dGradientValues{12}(1) = complex(0,0);
dGradientValues{12}(2) = complex(0,0);
dGradientValues{12}(3) = complex(0.0115547,-0.0105704);
dGradientValues{12}(4) = complex(0.0231093,-0.0211408);
dGradientValues{12}(5) = complex(0.034664,-0.0317112);
dGradientValues{12}(6) = complex(0.0462187,-0.0422815);
dGradientValues{12}(7) = complex(0.0577733,-0.0528519);
dGradientValues{12}(8) = complex(0.069328,-0.0634223);
dGradientValues{12}(9) = complex(0.0808827,-0.0739927);
dGradientValues{12}(10) = complex(0.0924373,-0.0845631);
dGradientValues{12}(11) = complex(0.103992,-0.0951335);
dGradientValues{12}(12) = complex(0.115547,-0.105704);
dGradientValues{12}(13) = complex(0.127101,-0.116274);
dGradientValues{12}(14) = complex(0.138656,-0.126845);
dGradientValues{12}(15) = complex(0.150211,-0.137415);
dGradientValues{12}(16) = complex(0.161765,-0.147985);
dGradientValues{12}(17) = complex(0.150211,-0.137415);
dGradientValues{12}(18) = complex(0.138656,-0.126845);
dGradientValues{12}(19) = complex(0.127101,-0.116274);
dGradientValues{12}(20) = complex(0.115547,-0.105704);
dGradientValues{12}(21) = complex(0.103992,-0.0951335);
dGradientValues{12}(22) = complex(0.0924373,-0.0845631);
dGradientValues{12}(23) = complex(0.0808827,-0.0739927);
dGradientValues{12}(24) = complex(0.069328,-0.0634223);
dGradientValues{12}(25) = complex(0.0577733,-0.0528519);
dGradientValues{12}(26) = complex(0.0462187,-0.0422815);
dGradientValues{12}(27) = complex(0.034664,-0.0317112);
dGradientValues{12}(28) = complex(0.0231093,-0.0211408);
dGradientValues{12}(29) = complex(0.0115547,-0.0105704);
dGradientValues{12}(30) = complex(-1.22874e-017,1.12407e-017);
dGradientValues{12}(31) = complex(0,0);
dGradientValues{12}(32) = complex(0.0107503,0.0118129);
dGradientValues{12}(33) = complex(0.0212058,0.0236695);
dGradientValues{12}(34) = complex(0.0310815,0.0356054);
dGradientValues{12}(35) = complex(0.0401114,0.0476407);
dGradientValues{12}(36) = complex(0.0480563,0.0597747);
dGradientValues{12}(37) = complex(0.0547105,0.0719821);
dGradientValues{12}(38) = complex(0.0599071,0.0842127);
dGradientValues{12}(39) = complex(0.06352,0.0963922);
dGradientValues{12}(40) = complex(0.0654656,0.108425);
dGradientValues{12}(41) = complex(0.0657017,0.120201);
dGradientValues{12}(42) = complex(0.0642252,0.131598);
dGradientValues{12}(43) = complex(0.0610685,0.142488);
dGradientValues{12}(44) = complex(0.0562953,0.152744);
dGradientValues{12}(45) = complex(0.0499956,0.162244);
dGradientValues{12}(46) = complex(0.0422808,0.170872);
dGradientValues{12}(47) = complex(0.033279,0.178526);
dGradientValues{12}(48) = complex(0.0231304,0.185115);
dGradientValues{12}(49) = complex(0.0119831,0.190566);
dGradientValues{12}(50) = complex(-1.07057e-017,0.192857);
dGradientValues{12}(51) = complex(-0.0121096,0.192476);
dGradientValues{12}(52) = complex(-0.0241713,0.191336);
dGradientValues{12}(53) = complex(-0.0361377,0.189441);
dGradientValues{12}(54) = complex(-0.0479615,0.186798);
dGradientValues{12}(55) = complex(-0.059596,0.183418);
dGradientValues{12}(56) = complex(-0.0709953,0.179314);
dGradientValues{12}(57) = complex(-0.0821143,0.174502);
dGradientValues{12}(58) = complex(-0.0929094,0.169002);
dGradientValues{12}(59) = complex(-0.103338,0.162834);
dGradientValues{12}(60) = complex(-0.113358,0.156024);
dGradientValues{12}(61) = complex(-0.122931,0.148599);
dGradientValues{12}(62) = complex(-0.132019,0.140586);
dGradientValues{12}(63) = complex(-0.140586,0.132019);
dGradientValues{12}(64) = complex(-0.148599,0.122931);
dGradientValues{12}(65) = complex(-0.156024,0.113358);
dGradientValues{12}(66) = complex(-0.162834,0.103338);
dGradientValues{12}(67) = complex(-0.169002,0.0929094);
dGradientValues{12}(68) = complex(-0.174502,0.0821143);
dGradientValues{12}(69) = complex(-0.179314,0.0709953);
dGradientValues{12}(70) = complex(-0.183418,0.059596);
dGradientValues{12}(71) = complex(-0.186798,0.0479615);
dGradientValues{12}(72) = complex(-0.189441,0.0361377);
dGradientValues{12}(73) = complex(-0.191336,0.0241713);
dGradientValues{12}(74) = complex(-0.192476,0.0121096);
dGradientValues{12}(75) = complex(-0.192857,-3.10141e-017);
dGradientValues{12}(76) = complex(-0.192476,-0.0121096);
dGradientValues{12}(77) = complex(-0.191336,-0.0241713);
dGradientValues{12}(78) = complex(-0.189441,-0.0361377);
dGradientValues{12}(79) = complex(-0.186798,-0.0479615);
dGradientValues{12}(80) = complex(-0.183418,-0.059596);
dGradientValues{12}(81) = complex(-0.179314,-0.0709953);
dGradientValues{12}(82) = complex(-0.174502,-0.0821143);
dGradientValues{12}(83) = complex(-0.169002,-0.0929094);
dGradientValues{12}(84) = complex(-0.162834,-0.103338);
dGradientValues{12}(85) = complex(-0.156024,-0.113358);
dGradientValues{12}(86) = complex(-0.148599,-0.122931);
dGradientValues{12}(87) = complex(-0.140586,-0.132019);
dGradientValues{12}(88) = complex(-0.132019,-0.140586);
dGradientValues{12}(89) = complex(-0.122931,-0.148599);
dGradientValues{12}(90) = complex(-0.113358,-0.156024);
dGradientValues{12}(91) = complex(-0.103338,-0.162834);
dGradientValues{12}(92) = complex(-0.0929094,-0.169002);
dGradientValues{12}(93) = complex(-0.0821143,-0.174502);
dGradientValues{12}(94) = complex(-0.0709953,-0.179314);
dGradientValues{12}(95) = complex(-0.059596,-0.183418);
dGradientValues{12}(96) = complex(-0.0479615,-0.186798);
dGradientValues{12}(97) = complex(-0.0361377,-0.189441);
dGradientValues{12}(98) = complex(-0.0241713,-0.191336);
dGradientValues{12}(99) = complex(-0.0121096,-0.192476);
dGradientValues{12}(100) = complex(6.20282e-017,-0.192857);
dGradientValues{12}(101) = complex(0.0121096,-0.192476);
dGradientValues{12}(102) = complex(0.0241713,-0.191336);
dGradientValues{12}(103) = complex(0.0361377,-0.189441);
dGradientValues{12}(104) = complex(0.0479615,-0.186798);
dGradientValues{12}(105) = complex(0.059596,-0.183418);
dGradientValues{12}(106) = complex(0.0709953,-0.179314);
dGradientValues{12}(107) = complex(0.0821143,-0.174502);
dGradientValues{12}(108) = complex(0.0929094,-0.169002);
dGradientValues{12}(109) = complex(0.103338,-0.162834);
dGradientValues{12}(110) = complex(0.113358,-0.156024);
dGradientValues{12}(111) = complex(0.122931,-0.148599);
dGradientValues{12}(112) = complex(0.132019,-0.140586);
dGradientValues{12}(113) = complex(0.140586,-0.132019);
dGradientValues{12}(114) = complex(0.148599,-0.122931);
dGradientValues{12}(115) = complex(0.156024,-0.113358);
dGradientValues{12}(116) = complex(0.162834,-0.103338);
dGradientValues{12}(117) = complex(0.169002,-0.0929094);
dGradientValues{12}(118) = complex(0.174502,-0.0821143);
dGradientValues{12}(119) = complex(0.179314,-0.0709953);
dGradientValues{12}(120) = complex(0.183418,-0.059596);
dGradientValues{12}(121) = complex(0.186798,-0.0479615);
dGradientValues{12}(122) = complex(0.189441,-0.0361377);
dGradientValues{12}(123) = complex(0.191336,-0.0241713);
dGradientValues{12}(124) = complex(0.192476,-0.0121096);
dGradientValues{12}(125) = complex(0.192857,-3.5426e-017);
dGradientValues{12}(126) = complex(0.192476,0.0121096);
dGradientValues{12}(127) = complex(0.191336,0.0241713);
dGradientValues{12}(128) = complex(0.189441,0.0361377);
dGradientValues{12}(129) = complex(0.186798,0.0479615);
dGradientValues{12}(130) = complex(0.183418,0.059596);
dGradientValues{12}(131) = complex(0.179314,0.0709953);
dGradientValues{12}(132) = complex(0.174502,0.0821143);
dGradientValues{12}(133) = complex(0.169002,0.0929094);
dGradientValues{12}(134) = complex(0.162834,0.103338);
dGradientValues{12}(135) = complex(0.156024,0.113358);
dGradientValues{12}(136) = complex(0.148599,0.122931);
dGradientValues{12}(137) = complex(0.140586,0.132019);
dGradientValues{12}(138) = complex(0.132019,0.140586);
dGradientValues{12}(139) = complex(0.122931,0.148599);
