dMaxGradAmpl=40;
NumberOfLaunTrackPoints=60;
NumberOfLoopPoints=100;
NumberOfBrakeRunPoints=12;
dGradientValues{14}(1) = complex(0,0);
dGradientValues{14}(2) = complex(0,0);
dGradientValues{14}(3) = complex(0.00678878,-0.0145042);
dGradientValues{14}(4) = complex(0.0135776,-0.0290083);
dGradientValues{14}(5) = complex(0.0203663,-0.0435125);
dGradientValues{14}(6) = complex(0.0271551,-0.0580166);
dGradientValues{14}(7) = complex(0.0339439,-0.0725208);
dGradientValues{14}(8) = complex(0.0407327,-0.0870249);
dGradientValues{14}(9) = complex(0.0475215,-0.101529);
dGradientValues{14}(10) = complex(0.0543102,-0.116033);
dGradientValues{14}(11) = complex(0.061099,-0.130537);
dGradientValues{14}(12) = complex(0.0678878,-0.145042);
dGradientValues{14}(13) = complex(0.0746766,-0.159546);
dGradientValues{14}(14) = complex(0.0814654,-0.17405);
dGradientValues{14}(15) = complex(0.0882541,-0.188554);
dGradientValues{14}(16) = complex(0.0950429,-0.203058);
dGradientValues{14}(17) = complex(0.101832,-0.217562);
dGradientValues{14}(18) = complex(0.0950429,-0.203058);
dGradientValues{14}(19) = complex(0.0882541,-0.188554);
dGradientValues{14}(20) = complex(0.0814654,-0.17405);
dGradientValues{14}(21) = complex(0.0746766,-0.159546);
dGradientValues{14}(22) = complex(0.0678878,-0.145042);
dGradientValues{14}(23) = complex(0.061099,-0.130537);
dGradientValues{14}(24) = complex(0.0543102,-0.116033);
dGradientValues{14}(25) = complex(0.0475215,-0.101529);
dGradientValues{14}(26) = complex(0.0407327,-0.0870249);
dGradientValues{14}(27) = complex(0.0339439,-0.0725208);
dGradientValues{14}(28) = complex(0.0271551,-0.0580166);
dGradientValues{14}(29) = complex(0.0203663,-0.0435125);
dGradientValues{14}(30) = complex(0.0135776,-0.0290083);
dGradientValues{14}(31) = complex(0.00678878,-0.0145042);
dGradientValues{14}(32) = complex(0,0);
dGradientValues{14}(33) = complex(0,0);
dGradientValues{14}(34) = complex(0.0144547,0.00680478);
dGradientValues{14}(35) = complex(0.0286915,0.0137403);
dGradientValues{14}(36) = complex(0.0424965,0.020929);
dGradientValues{14}(37) = complex(0.0556646,0.0284777);
dGradientValues{14}(38) = complex(0.0680028,0.036471);
dGradientValues{14}(39) = complex(0.0793341,0.0449671);
dGradientValues{14}(40) = complex(0.089501,0.0539944);
dGradientValues{14}(41) = complex(0.0983673,0.0635516);
dGradientValues{14}(42) = complex(0.105821,0.0736079);
dGradientValues{14}(43) = complex(0.111774,0.0841062);
dGradientValues{14}(44) = complex(0.116165,0.0949664);
dGradientValues{14}(45) = complex(0.118957,0.10609);
dGradientValues{14}(46) = complex(0.120137,0.117364);
dGradientValues{14}(47) = complex(0.119713,0.128669);
dGradientValues{14}(48) = complex(0.117718,0.139877);
dGradientValues{14}(49) = complex(0.114198,0.150862);
dGradientValues{14}(50) = complex(0.109218,0.1615);
dGradientValues{14}(51) = complex(0.102856,0.171673);
dGradientValues{14}(52) = complex(0.0952001,0.18127);
dGradientValues{14}(53) = complex(0.086348,0.19019);
dGradientValues{14}(54) = complex(0.0764033,0.19834);
dGradientValues{14}(55) = complex(0.0654745,0.20564);
dGradientValues{14}(56) = complex(0.0536729,0.21202);
dGradientValues{14}(57) = complex(0.0411113,0.217421);
dGradientValues{14}(58) = complex(0.0279031,0.221794);
dGradientValues{14}(59) = complex(0.0141607,0.225102);
dGradientValues{14}(60) = complex(-5.96959e-017,0.226397);
dGradientValues{14}(61) = complex(-0.0142156,0.22595);
dGradientValues{14}(62) = complex(-0.0283751,0.224612);
dGradientValues{14}(63) = complex(-0.0424225,0.222387);
dGradientValues{14}(64) = complex(-0.0563026,0.219284);
dGradientValues{14}(65) = complex(-0.0699605,0.215316);
dGradientValues{14}(66) = complex(-0.0833423,0.210498);
dGradientValues{14}(67) = complex(-0.0963951,0.20485);
dGradientValues{14}(68) = complex(-0.109068,0.198393);
dGradientValues{14}(69) = complex(-0.12131,0.191153);
dGradientValues{14}(70) = complex(-0.133073,0.183159);
dGradientValues{14}(71) = complex(-0.144311,0.174442);
dGradientValues{14}(72) = complex(-0.154979,0.165036);
dGradientValues{14}(73) = complex(-0.165036,0.154979);
dGradientValues{14}(74) = complex(-0.174442,0.144311);
dGradientValues{14}(75) = complex(-0.183159,0.133073);
dGradientValues{14}(76) = complex(-0.191153,0.12131);
dGradientValues{14}(77) = complex(-0.198393,0.109068);
dGradientValues{14}(78) = complex(-0.20485,0.0963951);
dGradientValues{14}(79) = complex(-0.210498,0.0833423);
dGradientValues{14}(80) = complex(-0.215316,0.0699605);
dGradientValues{14}(81) = complex(-0.219284,0.0563026);
dGradientValues{14}(82) = complex(-0.222387,0.0424225);
dGradientValues{14}(83) = complex(-0.224612,0.0283751);
dGradientValues{14}(84) = complex(-0.22595,0.0142156);
dGradientValues{14}(85) = complex(-0.226397,-8.66781e-017);
dGradientValues{14}(86) = complex(-0.22595,-0.0142156);
dGradientValues{14}(87) = complex(-0.224612,-0.0283751);
dGradientValues{14}(88) = complex(-0.222387,-0.0424225);
dGradientValues{14}(89) = complex(-0.219284,-0.0563026);
dGradientValues{14}(90) = complex(-0.215316,-0.0699605);
dGradientValues{14}(91) = complex(-0.210498,-0.0833423);
dGradientValues{14}(92) = complex(-0.20485,-0.0963951);
dGradientValues{14}(93) = complex(-0.198393,-0.109068);
dGradientValues{14}(94) = complex(-0.191153,-0.12131);
dGradientValues{14}(95) = complex(-0.183159,-0.133073);
dGradientValues{14}(96) = complex(-0.174442,-0.144311);
dGradientValues{14}(97) = complex(-0.165036,-0.154979);
dGradientValues{14}(98) = complex(-0.154979,-0.165036);
dGradientValues{14}(99) = complex(-0.144311,-0.174442);
dGradientValues{14}(100) = complex(-0.133073,-0.183159);
dGradientValues{14}(101) = complex(-0.12131,-0.191153);
dGradientValues{14}(102) = complex(-0.109068,-0.198393);
dGradientValues{14}(103) = complex(-0.0963951,-0.20485);
dGradientValues{14}(104) = complex(-0.0833423,-0.210498);
dGradientValues{14}(105) = complex(-0.0699605,-0.215316);
dGradientValues{14}(106) = complex(-0.0563026,-0.219284);
dGradientValues{14}(107) = complex(-0.0424225,-0.222387);
dGradientValues{14}(108) = complex(-0.0283751,-0.224612);
dGradientValues{14}(109) = complex(-0.0142156,-0.22595);
dGradientValues{14}(110) = complex(1.73356e-016,-0.226397);
dGradientValues{14}(111) = complex(0.0142156,-0.22595);
dGradientValues{14}(112) = complex(0.0283751,-0.224612);
dGradientValues{14}(113) = complex(0.0424225,-0.222387);
dGradientValues{14}(114) = complex(0.0563026,-0.219284);
dGradientValues{14}(115) = complex(0.0699605,-0.215316);
dGradientValues{14}(116) = complex(0.0833423,-0.210498);
dGradientValues{14}(117) = complex(0.0963951,-0.20485);
dGradientValues{14}(118) = complex(0.109068,-0.198393);
dGradientValues{14}(119) = complex(0.12131,-0.191153);
dGradientValues{14}(120) = complex(0.133073,-0.183159);
dGradientValues{14}(121) = complex(0.144311,-0.174442);
dGradientValues{14}(122) = complex(0.154979,-0.165036);
dGradientValues{14}(123) = complex(0.165036,-0.154979);
dGradientValues{14}(124) = complex(0.174442,-0.144311);
dGradientValues{14}(125) = complex(0.183159,-0.133073);
dGradientValues{14}(126) = complex(0.191153,-0.12131);
dGradientValues{14}(127) = complex(0.198393,-0.109068);
dGradientValues{14}(128) = complex(0.20485,-0.0963951);
dGradientValues{14}(129) = complex(0.210498,-0.0833423);
dGradientValues{14}(130) = complex(0.215316,-0.0699605);
dGradientValues{14}(131) = complex(0.219284,-0.0563026);
dGradientValues{14}(132) = complex(0.222387,-0.0424225);
dGradientValues{14}(133) = complex(0.224612,-0.0283751);
dGradientValues{14}(134) = complex(0.22595,-0.0142156);
dGradientValues{14}(135) = complex(0.226397,-4.15871e-017);
dGradientValues{14}(136) = complex(0.22595,0.0142156);
dGradientValues{14}(137) = complex(0.224612,0.0283751);
dGradientValues{14}(138) = complex(0.222387,0.0424225);
dGradientValues{14}(139) = complex(0.219284,0.0563026);
