dMaxGradAmpl=40;
NumberOfLaunTrackPoints=65;
NumberOfLoopPoints=100;
NumberOfBrakeRunPoints=15;
dGradientValues{18}(1) = complex(0,0);
dGradientValues{18}(2) = complex(0,0);
dGradientValues{18}(3) = complex(0.00506571,-0.0175281);
dGradientValues{18}(4) = complex(0.0101314,-0.0350563);
dGradientValues{18}(5) = complex(0.0151971,-0.0525844);
dGradientValues{18}(6) = complex(0.0202628,-0.0701125);
dGradientValues{18}(7) = complex(0.0253285,-0.0876407);
dGradientValues{18}(8) = complex(0.0303942,-0.105169);
dGradientValues{18}(9) = complex(0.0354599,-0.122697);
dGradientValues{18}(10) = complex(0.0405256,-0.140225);
dGradientValues{18}(11) = complex(0.0455914,-0.157753);
dGradientValues{18}(12) = complex(0.0506571,-0.175281);
dGradientValues{18}(13) = complex(0.0557228,-0.192809);
dGradientValues{18}(14) = complex(0.0607885,-0.210338);
dGradientValues{18}(15) = complex(0.0658542,-0.227866);
dGradientValues{18}(16) = complex(0.0709199,-0.245394);
dGradientValues{18}(17) = complex(0.0759856,-0.262922);
dGradientValues{18}(18) = complex(0.0810513,-0.28045);
dGradientValues{18}(19) = complex(0.0759856,-0.262922);
dGradientValues{18}(20) = complex(0.0709199,-0.245394);
dGradientValues{18}(21) = complex(0.0658542,-0.227866);
dGradientValues{18}(22) = complex(0.0607885,-0.210338);
dGradientValues{18}(23) = complex(0.0557228,-0.192809);
dGradientValues{18}(24) = complex(0.0506571,-0.175281);
dGradientValues{18}(25) = complex(0.0455914,-0.157753);
dGradientValues{18}(26) = complex(0.0405256,-0.140225);
dGradientValues{18}(27) = complex(0.0354599,-0.122697);
dGradientValues{18}(28) = complex(0.0303942,-0.105169);
dGradientValues{18}(29) = complex(0.0253285,-0.0876407);
dGradientValues{18}(30) = complex(0.0202628,-0.0701125);
dGradientValues{18}(31) = complex(0.0151971,-0.0525844);
dGradientValues{18}(32) = complex(0.0101314,-0.0350563);
dGradientValues{18}(33) = complex(0.00506571,-0.0175281);
dGradientValues{18}(34) = complex(7.70611e-018,-2.66644e-017);
dGradientValues{18}(35) = complex(0,0);
dGradientValues{18}(36) = complex(0.0191744,0.00558596);
dGradientValues{18}(37) = complex(0.0381138,0.0113686);
dGradientValues{18}(38) = complex(0.0565866,0.0175343);
dGradientValues{18}(39) = complex(0.0743679,0.02425);
dGradientValues{18}(40) = complex(0.0912433,0.0316547);
dGradientValues{18}(41) = complex(0.107012,0.0398537);
dGradientValues{18}(42) = complex(0.121489,0.0489147);
dGradientValues{18}(43) = complex(0.13451,0.0588661);
dGradientValues{18}(44) = complex(0.145932,0.0696976);
dGradientValues{18}(45) = complex(0.155637,0.0813629);
dGradientValues{18}(46) = complex(0.163531,0.0937833);
dGradientValues{18}(47) = complex(0.169547,0.106853);
dGradientValues{18}(48) = complex(0.173643,0.120445);
dGradientValues{18}(49) = complex(0.175802,0.134415);
dGradientValues{18}(50) = complex(0.17603,0.148609);
dGradientValues{18}(51) = complex(0.174356,0.16287);
dGradientValues{18}(52) = complex(0.170828,0.177035);
dGradientValues{18}(53) = complex(0.165511,0.190948);
dGradientValues{18}(54) = complex(0.158487,0.204459);
dGradientValues{18}(55) = complex(0.149847,0.217424);
dGradientValues{18}(56) = complex(0.139695,0.229712);
dGradientValues{18}(57) = complex(0.128143,0.2412);
dGradientValues{18}(58) = complex(0.115307,0.25178);
dGradientValues{18}(59) = complex(0.101311,0.261355);
dGradientValues{18}(60) = complex(0.0862785,0.269841);
dGradientValues{18}(61) = complex(0.0703363,0.277166);
dGradientValues{18}(62) = complex(0.0536113,0.283269);
dGradientValues{18}(63) = complex(0.03623,0.288103);
dGradientValues{18}(64) = complex(0.0183179,0.29163);
dGradientValues{18}(65) = complex(-1.22185e-017,0.293477);
dGradientValues{18}(66) = complex(-0.0184276,0.292898);
dGradientValues{18}(67) = complex(-0.0367825,0.291163);
dGradientValues{18}(68) = complex(-0.0549922,0.288279);
dGradientValues{18}(69) = complex(-0.0729849,0.284257);
dGradientValues{18}(70) = complex(-0.0906895,0.279114);
dGradientValues{18}(71) = complex(-0.108036,0.272868);
dGradientValues{18}(72) = complex(-0.124957,0.265546);
dGradientValues{18}(73) = complex(-0.141384,0.257176);
dGradientValues{18}(74) = complex(-0.157253,0.247791);
dGradientValues{18}(75) = complex(-0.172502,0.237428);
dGradientValues{18}(76) = complex(-0.18707,0.226128);
dGradientValues{18}(77) = complex(-0.200899,0.213936);
dGradientValues{18}(78) = complex(-0.213936,0.200899);
dGradientValues{18}(79) = complex(-0.226128,0.18707);
dGradientValues{18}(80) = complex(-0.237428,0.172502);
dGradientValues{18}(81) = complex(-0.247791,0.157253);
dGradientValues{18}(82) = complex(-0.257176,0.141384);
dGradientValues{18}(83) = complex(-0.265546,0.124957);
dGradientValues{18}(84) = complex(-0.272868,0.108036);
dGradientValues{18}(85) = complex(-0.279114,0.0906895);
dGradientValues{18}(86) = complex(-0.284257,0.0729849);
dGradientValues{18}(87) = complex(-0.288279,0.0549922);
dGradientValues{18}(88) = complex(-0.291163,0.0367825);
dGradientValues{18}(89) = complex(-0.292898,0.0184276);
dGradientValues{18}(90) = complex(-0.293477,-4.71954e-017);
dGradientValues{18}(91) = complex(-0.292898,-0.0184276);
dGradientValues{18}(92) = complex(-0.291163,-0.0367825);
dGradientValues{18}(93) = complex(-0.288279,-0.0549922);
dGradientValues{18}(94) = complex(-0.284257,-0.0729849);
dGradientValues{18}(95) = complex(-0.279114,-0.0906895);
dGradientValues{18}(96) = complex(-0.272868,-0.108036);
dGradientValues{18}(97) = complex(-0.265546,-0.124957);
dGradientValues{18}(98) = complex(-0.257176,-0.141384);
dGradientValues{18}(99) = complex(-0.247791,-0.157253);
dGradientValues{18}(100) = complex(-0.237428,-0.172502);
dGradientValues{18}(101) = complex(-0.226128,-0.18707);
dGradientValues{18}(102) = complex(-0.213936,-0.200899);
dGradientValues{18}(103) = complex(-0.200899,-0.213936);
dGradientValues{18}(104) = complex(-0.18707,-0.226128);
dGradientValues{18}(105) = complex(-0.172502,-0.237428);
dGradientValues{18}(106) = complex(-0.157253,-0.247791);
dGradientValues{18}(107) = complex(-0.141384,-0.257176);
dGradientValues{18}(108) = complex(-0.124957,-0.265546);
dGradientValues{18}(109) = complex(-0.108036,-0.272868);
dGradientValues{18}(110) = complex(-0.0906895,-0.279114);
dGradientValues{18}(111) = complex(-0.0729849,-0.284257);
dGradientValues{18}(112) = complex(-0.0549922,-0.288279);
dGradientValues{18}(113) = complex(-0.0367825,-0.291163);
dGradientValues{18}(114) = complex(-0.0184276,-0.292898);
dGradientValues{18}(115) = complex(9.43907e-017,-0.293477);
dGradientValues{18}(116) = complex(0.0184276,-0.292898);
dGradientValues{18}(117) = complex(0.0367825,-0.291163);
dGradientValues{18}(118) = complex(0.0549922,-0.288279);
dGradientValues{18}(119) = complex(0.0729849,-0.284257);
dGradientValues{18}(120) = complex(0.0906895,-0.279114);
dGradientValues{18}(121) = complex(0.108036,-0.272868);
dGradientValues{18}(122) = complex(0.124957,-0.265546);
dGradientValues{18}(123) = complex(0.141384,-0.257176);
dGradientValues{18}(124) = complex(0.157253,-0.247791);
dGradientValues{18}(125) = complex(0.172502,-0.237428);
dGradientValues{18}(126) = complex(0.18707,-0.226128);
dGradientValues{18}(127) = complex(0.200899,-0.213936);
dGradientValues{18}(128) = complex(0.213936,-0.200899);
dGradientValues{18}(129) = complex(0.226128,-0.18707);
dGradientValues{18}(130) = complex(0.237428,-0.172502);
dGradientValues{18}(131) = complex(0.247791,-0.157253);
dGradientValues{18}(132) = complex(0.257176,-0.141384);
dGradientValues{18}(133) = complex(0.265546,-0.124957);
dGradientValues{18}(134) = complex(0.272868,-0.108036);
dGradientValues{18}(135) = complex(0.279114,-0.0906895);
dGradientValues{18}(136) = complex(0.284257,-0.0729849);
dGradientValues{18}(137) = complex(0.288279,-0.0549922);
dGradientValues{18}(138) = complex(0.291163,-0.0367825);
dGradientValues{18}(139) = complex(0.292898,-0.0184276);
