dMaxGradAmpl=40;
NumberOfLaunTrackPoints=81;
NumberOfLoopPoints=100;
NumberOfBrakeRunPoints=19;
dGradientValues{23}(1) = complex(0,0);
dGradientValues{23}(2) = complex(0,0);
dGradientValues{23}(3) = complex(-0.0141411,-0.018717);
dGradientValues{23}(4) = complex(-0.0282823,-0.037434);
dGradientValues{23}(5) = complex(-0.0424234,-0.0561511);
dGradientValues{23}(6) = complex(-0.0565646,-0.0748681);
dGradientValues{23}(7) = complex(-0.0707057,-0.0935851);
dGradientValues{23}(8) = complex(-0.0848469,-0.112302);
dGradientValues{23}(9) = complex(-0.098988,-0.131019);
dGradientValues{23}(10) = complex(-0.113129,-0.149736);
dGradientValues{23}(11) = complex(-0.12727,-0.168453);
dGradientValues{23}(12) = complex(-0.141411,-0.18717);
dGradientValues{23}(13) = complex(-0.155553,-0.205887);
dGradientValues{23}(14) = complex(-0.169694,-0.224604);
dGradientValues{23}(15) = complex(-0.183835,-0.243321);
dGradientValues{23}(16) = complex(-0.197976,-0.262038);
dGradientValues{23}(17) = complex(-0.212117,-0.280755);
dGradientValues{23}(18) = complex(-0.226258,-0.299472);
dGradientValues{23}(19) = complex(-0.212117,-0.280755);
dGradientValues{23}(20) = complex(-0.197976,-0.262038);
dGradientValues{23}(21) = complex(-0.183835,-0.243321);
dGradientValues{23}(22) = complex(-0.169694,-0.224604);
dGradientValues{23}(23) = complex(-0.155553,-0.205887);
dGradientValues{23}(24) = complex(-0.141411,-0.18717);
dGradientValues{23}(25) = complex(-0.12727,-0.168453);
dGradientValues{23}(26) = complex(-0.113129,-0.149736);
dGradientValues{23}(27) = complex(-0.098988,-0.131019);
dGradientValues{23}(28) = complex(-0.0848469,-0.112302);
dGradientValues{23}(29) = complex(-0.0707057,-0.0935851);
dGradientValues{23}(30) = complex(-0.0565646,-0.0748681);
dGradientValues{23}(31) = complex(-0.0424234,-0.0561511);
dGradientValues{23}(32) = complex(-0.0282823,-0.037434);
dGradientValues{23}(33) = complex(-0.0141411,-0.018717);
dGradientValues{23}(34) = complex(1.67315e-017,2.21456e-017);
dGradientValues{23}(35) = complex(0,0);
dGradientValues{23}(36) = complex(0.0191525,-0.0144101);
dGradientValues{23}(37) = complex(0.0383237,-0.0284774);
dGradientValues{23}(38) = complex(0.057526,-0.0418682);
dGradientValues{23}(39) = complex(0.0767595,-0.0542669);
dGradientValues{23}(40) = complex(0.0960073,-0.065384);
dGradientValues{23}(41) = complex(0.115232,-0.0749629);
dGradientValues{23}(42) = complex(0.134376,-0.082785);
dGradientValues{23}(43) = complex(0.153357,-0.0886736);
dGradientValues{23}(44) = complex(0.172077,-0.0924961);
dGradientValues{23}(45) = complex(0.190417,-0.094164);
dGradientValues{23}(46) = complex(0.208249,-0.0936323);
dGradientValues{23}(47) = complex(0.225433,-0.0908971);
dGradientValues{23}(48) = complex(0.241828,-0.0859923);
dGradientValues{23}(49) = complex(0.257292,-0.0789855);
dGradientValues{23}(50) = complex(0.271688,-0.0699738);
dGradientValues{23}(51) = complex(0.284886,-0.0590786);
dGradientValues{23}(52) = complex(0.29677,-0.0464417);
dGradientValues{23}(53) = complex(0.307234,-0.0322201);
dGradientValues{23}(54) = complex(0.316187,-0.0165823);
dGradientValues{23}(55) = complex(0.323554,0.000295735);
dGradientValues{23}(56) = complex(0.329273,0.0182337);
dGradientValues{23}(57) = complex(0.333302,0.0370499);
dGradientValues{23}(58) = complex(0.335609,0.0565638);
dGradientValues{23}(59) = complex(0.33618,0.0765975);
dGradientValues{23}(60) = complex(0.335012,0.096978);
dGradientValues{23}(61) = complex(0.332116,0.117538);
dGradientValues{23}(62) = complex(0.327514,0.138116);
dGradientValues{23}(63) = complex(0.321237,0.158559);
dGradientValues{23}(64) = complex(0.313329,0.178723);
dGradientValues{23}(65) = complex(0.303839,0.198468);
dGradientValues{23}(66) = complex(0.292825,0.217666);
dGradientValues{23}(67) = complex(0.280353,0.236197);
dGradientValues{23}(68) = complex(0.266494,0.253948);
dGradientValues{23}(69) = complex(0.251325,0.270815);
dGradientValues{23}(70) = complex(0.234927,0.286703);
dGradientValues{23}(71) = complex(0.217385,0.301524);
dGradientValues{23}(72) = complex(0.19879,0.315198);
dGradientValues{23}(73) = complex(0.179234,0.327654);
dGradientValues{23}(74) = complex(0.158812,0.338829);
dGradientValues{23}(75) = complex(0.137621,0.348665);
dGradientValues{23}(76) = complex(0.115762,0.357116);
dGradientValues{23}(77) = complex(0.0933348,0.364139);
dGradientValues{23}(78) = complex(0.0704422,0.3697);
dGradientValues{23}(79) = complex(0.0471867,0.373774);
dGradientValues{23}(80) = complex(0.0236714,0.376341);
dGradientValues{23}(81) = complex(-6.80742e-017,0.377328);
dGradientValues{23}(82) = complex(-0.0236926,0.376584);
dGradientValues{23}(83) = complex(-0.0472918,0.374353);
dGradientValues{23}(84) = complex(-0.0707042,0.370645);
dGradientValues{23}(85) = complex(-0.0938377,0.365474);
dGradientValues{23}(86) = complex(-0.116601,0.35886);
dGradientValues{23}(87) = complex(-0.138904,0.350831);
dGradientValues{23}(88) = complex(-0.160659,0.341417);
dGradientValues{23}(89) = complex(-0.181779,0.330655);
dGradientValues{23}(90) = complex(-0.202183,0.318589);
dGradientValues{23}(91) = complex(-0.221788,0.305265);
dGradientValues{23}(92) = complex(-0.240518,0.290736);
dGradientValues{23}(93) = complex(-0.258299,0.27506);
dGradientValues{23}(94) = complex(-0.27506,0.258299);
dGradientValues{23}(95) = complex(-0.290736,0.240518);
dGradientValues{23}(96) = complex(-0.305265,0.221788);
dGradientValues{23}(97) = complex(-0.318589,0.202183);
dGradientValues{23}(98) = complex(-0.330655,0.181779);
dGradientValues{23}(99) = complex(-0.341417,0.160659);
dGradientValues{23}(100) = complex(-0.350831,0.138904);
dGradientValues{23}(101) = complex(-0.35886,0.116601);
dGradientValues{23}(102) = complex(-0.365474,0.0938377);
dGradientValues{23}(103) = complex(-0.370645,0.0707042);
dGradientValues{23}(104) = complex(-0.374353,0.0472918);
dGradientValues{23}(105) = complex(-0.376584,0.0236926);
dGradientValues{23}(106) = complex(-0.377328,-1.44463e-016);
dGradientValues{23}(107) = complex(-0.376584,-0.0236926);
dGradientValues{23}(108) = complex(-0.374353,-0.0472918);
dGradientValues{23}(109) = complex(-0.370645,-0.0707042);
dGradientValues{23}(110) = complex(-0.365474,-0.0938377);
dGradientValues{23}(111) = complex(-0.35886,-0.116601);
dGradientValues{23}(112) = complex(-0.350831,-0.138904);
dGradientValues{23}(113) = complex(-0.341417,-0.160659);
dGradientValues{23}(114) = complex(-0.330655,-0.181779);
dGradientValues{23}(115) = complex(-0.318589,-0.202183);
dGradientValues{23}(116) = complex(-0.305265,-0.221788);
dGradientValues{23}(117) = complex(-0.290736,-0.240518);
dGradientValues{23}(118) = complex(-0.27506,-0.258299);
dGradientValues{23}(119) = complex(-0.258299,-0.27506);
dGradientValues{23}(120) = complex(-0.240518,-0.290736);
dGradientValues{23}(121) = complex(-0.221788,-0.305265);
dGradientValues{23}(122) = complex(-0.202183,-0.318589);
dGradientValues{23}(123) = complex(-0.181779,-0.330655);
dGradientValues{23}(124) = complex(-0.160659,-0.341417);
dGradientValues{23}(125) = complex(-0.138904,-0.350831);
dGradientValues{23}(126) = complex(-0.116601,-0.35886);
dGradientValues{23}(127) = complex(-0.0938377,-0.365474);
dGradientValues{23}(128) = complex(-0.0707042,-0.370645);
dGradientValues{23}(129) = complex(-0.0472918,-0.374353);
dGradientValues{23}(130) = complex(-0.0236926,-0.376584);
dGradientValues{23}(131) = complex(1.2136e-016,-0.377328);
dGradientValues{23}(132) = complex(0.0236926,-0.376584);
dGradientValues{23}(133) = complex(0.0472918,-0.374353);
dGradientValues{23}(134) = complex(0.0707042,-0.370645);
dGradientValues{23}(135) = complex(0.0938377,-0.365474);
dGradientValues{23}(136) = complex(0.116601,-0.35886);
dGradientValues{23}(137) = complex(0.138904,-0.350831);
dGradientValues{23}(138) = complex(0.160659,-0.341417);
dGradientValues{23}(139) = complex(0.181779,-0.330655);
