dMaxGradAmpl=40;
NumberOfLaunTrackPoints=67;
NumberOfLoopPoints=100;
NumberOfBrakeRunPoints=24;
dGradientValues{29}(1) = complex(0,0);
dGradientValues{29}(2) = complex(0,0);
dGradientValues{29}(3) = complex(0.00510944,-0.0292715);
dGradientValues{29}(4) = complex(0.0102189,-0.0585429);
dGradientValues{29}(5) = complex(0.0153283,-0.0878144);
dGradientValues{29}(6) = complex(0.0204377,-0.117086);
dGradientValues{29}(7) = complex(0.0255472,-0.146357);
dGradientValues{29}(8) = complex(0.0306566,-0.175629);
dGradientValues{29}(9) = complex(0.0357661,-0.2049);
dGradientValues{29}(10) = complex(0.0408755,-0.234172);
dGradientValues{29}(11) = complex(0.0459849,-0.263443);
dGradientValues{29}(12) = complex(0.0510944,-0.292715);
dGradientValues{29}(13) = complex(0.0562038,-0.321986);
dGradientValues{29}(14) = complex(0.0613132,-0.351257);
dGradientValues{29}(15) = complex(0.0664227,-0.380529);
dGradientValues{29}(16) = complex(0.0715321,-0.4098);
dGradientValues{29}(17) = complex(0.0766415,-0.439072);
dGradientValues{29}(18) = complex(0.081751,-0.468343);
dGradientValues{29}(19) = complex(0.0766415,-0.439072);
dGradientValues{29}(20) = complex(0.0715321,-0.4098);
dGradientValues{29}(21) = complex(0.0664227,-0.380529);
dGradientValues{29}(22) = complex(0.0613132,-0.351257);
dGradientValues{29}(23) = complex(0.0562038,-0.321986);
dGradientValues{29}(24) = complex(0.0510944,-0.292715);
dGradientValues{29}(25) = complex(0.0459849,-0.263443);
dGradientValues{29}(26) = complex(0.0408755,-0.234172);
dGradientValues{29}(27) = complex(0.0357661,-0.2049);
dGradientValues{29}(28) = complex(0.0306566,-0.175629);
dGradientValues{29}(29) = complex(0.0255472,-0.146357);
dGradientValues{29}(30) = complex(0.0204377,-0.117086);
dGradientValues{29}(31) = complex(0.0153283,-0.0878144);
dGradientValues{29}(32) = complex(0.0102189,-0.0585429);
dGradientValues{29}(33) = complex(0.00510944,-0.0292715);
dGradientValues{29}(34) = complex(-7.63627e-018,4.37475e-017);
dGradientValues{29}(35) = complex(0,0);
dGradientValues{29}(36) = complex(0.0314676,0.00556097);
dGradientValues{29}(37) = complex(0.0626014,0.0114693);
dGradientValues{29}(38) = complex(0.0930712,0.0180563);
dGradientValues{29}(39) = complex(0.122554,0.0256216);
dGradientValues{29}(40) = complex(0.150737,0.0344208);
dGradientValues{29}(41) = complex(0.177325,0.044655);
dGradientValues{29}(42) = complex(0.202038,0.0564644);
dGradientValues{29}(43) = complex(0.224624,0.0699251);
dGradientValues{29}(44) = complex(0.244856,0.0850497);
dGradientValues{29}(45) = complex(0.262538,0.10179);
dGradientValues{29}(46) = complex(0.277507,0.120044);
dGradientValues{29}(47) = complex(0.289637,0.13966);
dGradientValues{29}(48) = complex(0.298837,0.160452);
dGradientValues{29}(49) = complex(0.305052,0.1822);
dGradientValues{29}(50) = complex(0.308261,0.204664);
dGradientValues{29}(51) = complex(0.308479,0.227592);
dGradientValues{29}(52) = complex(0.30575,0.250727);
dGradientValues{29}(53) = complex(0.300144,0.27381);
dGradientValues{29}(54) = complex(0.291758,0.296591);
dGradientValues{29}(55) = complex(0.280711,0.318828);
dGradientValues{29}(56) = complex(0.267137,0.340295);
dGradientValues{29}(57) = complex(0.251189,0.360781);
dGradientValues{29}(58) = complex(0.233028,0.38009);
dGradientValues{29}(59) = complex(0.212828,0.398048);
dGradientValues{29}(60) = complex(0.190769,0.414499);
dGradientValues{29}(61) = complex(0.167034,0.429303);
dGradientValues{29}(62) = complex(0.141812,0.442341);
dGradientValues{29}(63) = complex(0.115292,0.453512);
dGradientValues{29}(64) = complex(0.0876632,0.462731);
dGradientValues{29}(65) = complex(0.059114,0.46993);
dGradientValues{29}(66) = complex(0.0298314,0.475057);
dGradientValues{29}(67) = complex(2.18885e-016,0.477949);
dGradientValues{29}(68) = complex(-0.0300107,0.477006);
dGradientValues{29}(69) = complex(-0.0599029,0.47418);
dGradientValues{29}(70) = complex(-0.0895587,0.469483);
dGradientValues{29}(71) = complex(-0.118861,0.462933);
dGradientValues{29}(72) = complex(-0.147694,0.454556);
dGradientValues{29}(73) = complex(-0.175945,0.444386);
dGradientValues{29}(74) = complex(-0.203501,0.432461);
dGradientValues{29}(75) = complex(-0.230254,0.41883);
dGradientValues{29}(76) = complex(-0.256098,0.403546);
dGradientValues{29}(77) = complex(-0.280931,0.386669);
dGradientValues{29}(78) = complex(-0.304656,0.368266);
dGradientValues{29}(79) = complex(-0.327179,0.34841);
dGradientValues{29}(80) = complex(-0.34841,0.327179);
dGradientValues{29}(81) = complex(-0.368266,0.304656);
dGradientValues{29}(82) = complex(-0.386669,0.280931);
dGradientValues{29}(83) = complex(-0.403546,0.256098);
dGradientValues{29}(84) = complex(-0.41883,0.230254);
dGradientValues{29}(85) = complex(-0.432461,0.203501);
dGradientValues{29}(86) = complex(-0.444386,0.175945);
dGradientValues{29}(87) = complex(-0.454556,0.147694);
dGradientValues{29}(88) = complex(-0.462933,0.118861);
dGradientValues{29}(89) = complex(-0.469483,0.0895587);
dGradientValues{29}(90) = complex(-0.47418,0.0599029);
dGradientValues{29}(91) = complex(-0.477006,0.0300107);
dGradientValues{29}(92) = complex(-0.477949,1.35391e-016);
dGradientValues{29}(93) = complex(-0.477006,-0.0300107);
dGradientValues{29}(94) = complex(-0.47418,-0.0599029);
dGradientValues{29}(95) = complex(-0.469483,-0.0895587);
dGradientValues{29}(96) = complex(-0.462933,-0.118861);
dGradientValues{29}(97) = complex(-0.454556,-0.147694);
dGradientValues{29}(98) = complex(-0.444386,-0.175945);
dGradientValues{29}(99) = complex(-0.432461,-0.203501);
dGradientValues{29}(100) = complex(-0.41883,-0.230254);
dGradientValues{29}(101) = complex(-0.403546,-0.256098);
dGradientValues{29}(102) = complex(-0.386669,-0.280931);
dGradientValues{29}(103) = complex(-0.368266,-0.304656);
dGradientValues{29}(104) = complex(-0.34841,-0.327179);
dGradientValues{29}(105) = complex(-0.327179,-0.34841);
dGradientValues{29}(106) = complex(-0.304656,-0.368266);
dGradientValues{29}(107) = complex(-0.280931,-0.386669);
dGradientValues{29}(108) = complex(-0.256098,-0.403546);
dGradientValues{29}(109) = complex(-0.230254,-0.41883);
dGradientValues{29}(110) = complex(-0.203501,-0.432461);
dGradientValues{29}(111) = complex(-0.175945,-0.444386);
dGradientValues{29}(112) = complex(-0.147694,-0.454556);
dGradientValues{29}(113) = complex(-0.118861,-0.462933);
dGradientValues{29}(114) = complex(-0.0895587,-0.469483);
dGradientValues{29}(115) = complex(-0.0599029,-0.47418);
dGradientValues{29}(116) = complex(-0.0300107,-0.477006);
dGradientValues{29}(117) = complex(-5.85299e-017,-0.477949);
dGradientValues{29}(118) = complex(0.0300107,-0.477006);
dGradientValues{29}(119) = complex(0.0599029,-0.47418);
dGradientValues{29}(120) = complex(0.0895587,-0.469483);
dGradientValues{29}(121) = complex(0.118861,-0.462933);
dGradientValues{29}(122) = complex(0.147694,-0.454556);
dGradientValues{29}(123) = complex(0.175945,-0.444386);
dGradientValues{29}(124) = complex(0.203501,-0.432461);
dGradientValues{29}(125) = complex(0.230254,-0.41883);
dGradientValues{29}(126) = complex(0.256098,-0.403546);
dGradientValues{29}(127) = complex(0.280931,-0.386669);
dGradientValues{29}(128) = complex(0.304656,-0.368266);
dGradientValues{29}(129) = complex(0.327179,-0.34841);
dGradientValues{29}(130) = complex(0.34841,-0.327179);
dGradientValues{29}(131) = complex(0.368266,-0.304656);
dGradientValues{29}(132) = complex(0.386669,-0.280931);
dGradientValues{29}(133) = complex(0.403546,-0.256098);
dGradientValues{29}(134) = complex(0.41883,-0.230254);
dGradientValues{29}(135) = complex(0.432461,-0.203501);
dGradientValues{29}(136) = complex(0.444386,-0.175945);
dGradientValues{29}(137) = complex(0.454556,-0.147694);
dGradientValues{29}(138) = complex(0.462933,-0.118861);
dGradientValues{29}(139) = complex(0.469483,-0.0895587);
dGradientValues{29}(140) = complex(0.47418,-0.0599029);
