dMaxGradAmpl=40;
NumberOfLaunTrackPoints=93;
NumberOfLoopPoints=100;
NumberOfBrakeRunPoints=23;
dGradientValues{27}(1) = complex(0,0);
dGradientValues{27}(2) = complex(0,0);
dGradientValues{27}(3) = complex(-0.0271584,-0.0050767);
dGradientValues{27}(4) = complex(-0.0543169,-0.0101534);
dGradientValues{27}(5) = complex(-0.0814753,-0.0152301);
dGradientValues{27}(6) = complex(-0.108634,-0.0203068);
dGradientValues{27}(7) = complex(-0.135792,-0.0253835);
dGradientValues{27}(8) = complex(-0.162951,-0.0304602);
dGradientValues{27}(9) = complex(-0.190109,-0.0355369);
dGradientValues{27}(10) = complex(-0.217267,-0.0406136);
dGradientValues{27}(11) = complex(-0.244426,-0.0456903);
dGradientValues{27}(12) = complex(-0.271584,-0.050767);
dGradientValues{27}(13) = complex(-0.298743,-0.0558437);
dGradientValues{27}(14) = complex(-0.325901,-0.0609204);
dGradientValues{27}(15) = complex(-0.35306,-0.0659971);
dGradientValues{27}(16) = complex(-0.380218,-0.0710738);
dGradientValues{27}(17) = complex(-0.407376,-0.0761505);
dGradientValues{27}(18) = complex(-0.434535,-0.0812272);
dGradientValues{27}(19) = complex(-0.407376,-0.0761505);
dGradientValues{27}(20) = complex(-0.380218,-0.0710738);
dGradientValues{27}(21) = complex(-0.35306,-0.0659971);
dGradientValues{27}(22) = complex(-0.325901,-0.0609204);
dGradientValues{27}(23) = complex(-0.298743,-0.0558437);
dGradientValues{27}(24) = complex(-0.271584,-0.050767);
dGradientValues{27}(25) = complex(-0.244426,-0.0456903);
dGradientValues{27}(26) = complex(-0.217267,-0.0406136);
dGradientValues{27}(27) = complex(-0.190109,-0.0355369);
dGradientValues{27}(28) = complex(-0.162951,-0.0304602);
dGradientValues{27}(29) = complex(-0.135792,-0.0253835);
dGradientValues{27}(30) = complex(-0.108634,-0.0203068);
dGradientValues{27}(31) = complex(-0.0814753,-0.0152301);
dGradientValues{27}(32) = complex(-0.0543169,-0.0101534);
dGradientValues{27}(33) = complex(-0.0271584,-0.0050767);
dGradientValues{27}(34) = complex(0,0);
dGradientValues{27}(35) = complex(0,0);
dGradientValues{27}(36) = complex(0.00519248,-0.0274768);
dGradientValues{27}(37) = complex(0.0106679,-0.0546753);
dGradientValues{27}(38) = complex(0.0166966,-0.08132);
dGradientValues{27}(39) = complex(0.0235248,-0.107142);
dGradientValues{27}(40) = complex(0.0313638,-0.131879);
dGradientValues{27}(41) = complex(0.040383,-0.155284);
dGradientValues{27}(42) = complex(0.0507033,-0.177124);
dGradientValues{27}(43) = complex(0.0623954,-0.197185);
dGradientValues{27}(44) = complex(0.0754788,-0.215274);
dGradientValues{27}(45) = complex(0.0899241,-0.231224);
dGradientValues{27}(46) = complex(0.105657,-0.244894);
dGradientValues{27}(47) = complex(0.122565,-0.256172);
dGradientValues{27}(48) = complex(0.140502,-0.264974);
dGradientValues{27}(49) = complex(0.159295,-0.271247);
dGradientValues{27}(50) = complex(0.178752,-0.274964);
dGradientValues{27}(51) = complex(0.19867,-0.276127);
dGradientValues{27}(52) = complex(0.218837,-0.274764);
dGradientValues{27}(53) = complex(0.239042,-0.270925);
dGradientValues{27}(54) = complex(0.259076,-0.264682);
dGradientValues{27}(55) = complex(0.278735,-0.256125);
dGradientValues{27}(56) = complex(0.297828,-0.245359);
dGradientValues{27}(57) = complex(0.316174,-0.232504);
dGradientValues{27}(58) = complex(0.333604,-0.217691);
dGradientValues{27}(59) = complex(0.349967,-0.201058);
dGradientValues{27}(60) = complex(0.365123,-0.18275);
dGradientValues{27}(61) = complex(0.37895,-0.162918);
dGradientValues{27}(62) = complex(0.391339,-0.141718);
dGradientValues{27}(63) = complex(0.402197,-0.119303);
dGradientValues{27}(64) = complex(0.411445,-0.0958319);
dGradientValues{27}(65) = complex(0.419016,-0.0714609);
dGradientValues{27}(66) = complex(0.424858,-0.0463457);
dGradientValues{27}(67) = complex(0.428932,-0.0206405);
dGradientValues{27}(68) = complex(0.431208,0.00550297);
dGradientValues{27}(69) = complex(0.43167,0.0319358);
dGradientValues{27}(70) = complex(0.430312,0.0585123);
dGradientValues{27}(71) = complex(0.427136,0.0850903);
dGradientValues{27}(72) = complex(0.422156,0.111532);
dGradientValues{27}(73) = complex(0.415394,0.137702);
dGradientValues{27}(74) = complex(0.40688,0.163473);
dGradientValues{27}(75) = complex(0.396653,0.188719);
dGradientValues{27}(76) = complex(0.384757,0.21332);
dGradientValues{27}(77) = complex(0.371247,0.237162);
dGradientValues{27}(78) = complex(0.356182,0.260135);
dGradientValues{27}(79) = complex(0.339628,0.282136);
dGradientValues{27}(80) = complex(0.321656,0.303065);
dGradientValues{27}(81) = complex(0.302344,0.322832);
dGradientValues{27}(82) = complex(0.281774,0.341349);
dGradientValues{27}(83) = complex(0.260034,0.358537);
dGradientValues{27}(84) = complex(0.237214,0.374321);
dGradientValues{27}(85) = complex(0.213411,0.388636);
dGradientValues{27}(86) = complex(0.188723,0.40142);
dGradientValues{27}(87) = complex(0.163252,0.41262);
dGradientValues{27}(88) = complex(0.137103,0.422189);
dGradientValues{27}(89) = complex(0.110383,0.430087);
dGradientValues{27}(90) = complex(0.0832021,0.436281);
dGradientValues{27}(91) = complex(0.0556699,0.440745);
dGradientValues{27}(92) = complex(0.0278984,0.443462);
dGradientValues{27}(93) = complex(-3.26873e-016,0.444409);
dGradientValues{27}(94) = complex(-0.0279047,0.443532);
dGradientValues{27}(95) = complex(-0.0556992,0.440904);
dGradientValues{27}(96) = complex(-0.0832739,0.436537);
dGradientValues{27}(97) = complex(-0.11052,0.430447);
dGradientValues{27}(98) = complex(-0.13733,0.422658);
dGradientValues{27}(99) = complex(-0.163598,0.413201);
dGradientValues{27}(100) = complex(-0.18922,0.402113);
dGradientValues{27}(101) = complex(-0.214096,0.389438);
dGradientValues{27}(102) = complex(-0.238126,0.375227);
dGradientValues{27}(103) = complex(-0.261217,0.359534);
dGradientValues{27}(104) = complex(-0.283277,0.342423);
dGradientValues{27}(105) = complex(-0.304219,0.32396);
dGradientValues{27}(106) = complex(-0.32396,0.304219);
dGradientValues{27}(107) = complex(-0.342423,0.283277);
dGradientValues{27}(108) = complex(-0.359534,0.261217);
dGradientValues{27}(109) = complex(-0.375227,0.238126);
dGradientValues{27}(110) = complex(-0.389438,0.214096);
dGradientValues{27}(111) = complex(-0.402113,0.18922);
dGradientValues{27}(112) = complex(-0.413201,0.163598);
dGradientValues{27}(113) = complex(-0.422658,0.13733);
dGradientValues{27}(114) = complex(-0.430447,0.11052);
dGradientValues{27}(115) = complex(-0.436537,0.0832739);
dGradientValues{27}(116) = complex(-0.440904,0.0556992);
dGradientValues{27}(117) = complex(-0.443532,0.0279047);
dGradientValues{27}(118) = complex(-0.444409,-3.67503e-016);
dGradientValues{27}(119) = complex(-0.443532,-0.0279047);
dGradientValues{27}(120) = complex(-0.440904,-0.0556992);
dGradientValues{27}(121) = complex(-0.436537,-0.0832739);
dGradientValues{27}(122) = complex(-0.430447,-0.11052);
dGradientValues{27}(123) = complex(-0.422658,-0.13733);
dGradientValues{27}(124) = complex(-0.413201,-0.163598);
dGradientValues{27}(125) = complex(-0.402113,-0.18922);
dGradientValues{27}(126) = complex(-0.389438,-0.214096);
dGradientValues{27}(127) = complex(-0.375227,-0.238126);
dGradientValues{27}(128) = complex(-0.359534,-0.261217);
dGradientValues{27}(129) = complex(-0.342423,-0.283277);
dGradientValues{27}(130) = complex(-0.32396,-0.304219);
dGradientValues{27}(131) = complex(-0.304219,-0.32396);
dGradientValues{27}(132) = complex(-0.283277,-0.342423);
dGradientValues{27}(133) = complex(-0.261217,-0.359534);
dGradientValues{27}(134) = complex(-0.238126,-0.375227);
dGradientValues{27}(135) = complex(-0.214096,-0.389438);
dGradientValues{27}(136) = complex(-0.18922,-0.402113);
dGradientValues{27}(137) = complex(-0.163598,-0.413201);
dGradientValues{27}(138) = complex(-0.13733,-0.422658);
dGradientValues{27}(139) = complex(-0.11052,-0.430447);
dGradientValues{27}(140) = complex(-0.0832739,-0.436537);
