dMaxGradAmpl=40;
NumberOfLaunTrackPoints=29;
NumberOfLoopPoints=100;
NumberOfBrakeRunPoints=3;
dGradientValues{3}(1) = complex(0,0);
dGradientValues{3}(2) = complex(0,0);
dGradientValues{3}(3) = complex(0.00653717,-0.00133768);
dGradientValues{3}(4) = complex(0.0130743,-0.00267537);
dGradientValues{3}(5) = complex(0.0196115,-0.00401305);
dGradientValues{3}(6) = complex(0.0261487,-0.00535074);
dGradientValues{3}(7) = complex(0.0326858,-0.00668842);
dGradientValues{3}(8) = complex(0.039223,-0.00802611);
dGradientValues{3}(9) = complex(0.0457602,-0.00936379);
dGradientValues{3}(10) = complex(0.0522973,-0.0107015);
dGradientValues{3}(11) = complex(0.0588345,-0.0120392);
dGradientValues{3}(12) = complex(0.0653717,-0.0133768);
dGradientValues{3}(13) = complex(0.0588345,-0.0120392);
dGradientValues{3}(14) = complex(0.0522973,-0.0107015);
dGradientValues{3}(15) = complex(0.0457602,-0.00936379);
dGradientValues{3}(16) = complex(0.039223,-0.00802611);
dGradientValues{3}(17) = complex(0.0326858,-0.00668842);
dGradientValues{3}(18) = complex(0.0261487,-0.00535074);
dGradientValues{3}(19) = complex(0.0196115,-0.00401305);
dGradientValues{3}(20) = complex(0.0130743,-0.00267537);
dGradientValues{3}(21) = complex(0.00653717,-0.00133768);
dGradientValues{3}(22) = complex(0,0);
dGradientValues{3}(23) = complex(0,0);
dGradientValues{3}(24) = complex(0.00155068,0.00781584);
dGradientValues{3}(25) = complex(0.00278935,0.0155001);
dGradientValues{3}(26) = complex(0.0034361,0.0229163);
dGradientValues{3}(27) = complex(0.00326972,0.0299214);
dGradientValues{3}(28) = complex(0.00214501,0.0363677);
dGradientValues{3}(29) = complex(-2.90916e-019,0.0419253);
dGradientValues{3}(30) = complex(-0.00263251,0.0418426);
dGradientValues{3}(31) = complex(-0.00525464,0.0415948);
dGradientValues{3}(32) = complex(-0.00785603,0.0411827);
dGradientValues{3}(33) = complex(-0.0104264,0.0406082);
dGradientValues{3}(34) = complex(-0.0129556,0.0398734);
dGradientValues{3}(35) = complex(-0.0154338,0.0389812);
dGradientValues{3}(36) = complex(-0.0178509,0.0379352);
dGradientValues{3}(37) = complex(-0.0201977,0.0367395);
dGradientValues{3}(38) = complex(-0.0224647,0.0353987);
dGradientValues{3}(39) = complex(-0.0246431,0.0339183);
dGradientValues{3}(40) = complex(-0.0267242,0.032304);
dGradientValues{3}(41) = complex(-0.0286999,0.0305623);
dGradientValues{3}(42) = complex(-0.0305623,0.0286999);
dGradientValues{3}(43) = complex(-0.032304,0.0267242);
dGradientValues{3}(44) = complex(-0.0339183,0.0246431);
dGradientValues{3}(45) = complex(-0.0353987,0.0224647);
dGradientValues{3}(46) = complex(-0.0367395,0.0201977);
dGradientValues{3}(47) = complex(-0.0379352,0.0178509);
dGradientValues{3}(48) = complex(-0.0389812,0.0154338);
dGradientValues{3}(49) = complex(-0.0398734,0.0129556);
dGradientValues{3}(50) = complex(-0.0406082,0.0104264);
dGradientValues{3}(51) = complex(-0.0411827,0.00785603);
dGradientValues{3}(52) = complex(-0.0415948,0.00525464);
dGradientValues{3}(53) = complex(-0.0418426,0.00263251);
dGradientValues{3}(54) = complex(-0.0419253,-6.7422e-018);
dGradientValues{3}(55) = complex(-0.0418426,-0.00263251);
dGradientValues{3}(56) = complex(-0.0415948,-0.00525464);
dGradientValues{3}(57) = complex(-0.0411827,-0.00785603);
dGradientValues{3}(58) = complex(-0.0406082,-0.0104264);
dGradientValues{3}(59) = complex(-0.0398734,-0.0129556);
dGradientValues{3}(60) = complex(-0.0389812,-0.0154338);
dGradientValues{3}(61) = complex(-0.0379352,-0.0178509);
dGradientValues{3}(62) = complex(-0.0367395,-0.0201977);
dGradientValues{3}(63) = complex(-0.0353987,-0.0224647);
dGradientValues{3}(64) = complex(-0.0339183,-0.0246431);
dGradientValues{3}(65) = complex(-0.032304,-0.0267242);
dGradientValues{3}(66) = complex(-0.0305623,-0.0286999);
dGradientValues{3}(67) = complex(-0.0286999,-0.0305623);
dGradientValues{3}(68) = complex(-0.0267242,-0.032304);
dGradientValues{3}(69) = complex(-0.0246431,-0.0339183);
dGradientValues{3}(70) = complex(-0.0224647,-0.0353987);
dGradientValues{3}(71) = complex(-0.0201977,-0.0367395);
dGradientValues{3}(72) = complex(-0.0178509,-0.0379352);
dGradientValues{3}(73) = complex(-0.0154338,-0.0389812);
dGradientValues{3}(74) = complex(-0.0129556,-0.0398734);
dGradientValues{3}(75) = complex(-0.0104264,-0.0406082);
dGradientValues{3}(76) = complex(-0.00785603,-0.0411827);
dGradientValues{3}(77) = complex(-0.00525464,-0.0415948);
dGradientValues{3}(78) = complex(-0.00263251,-0.0418426);
dGradientValues{3}(79) = complex(1.34844e-017,-0.0419253);
dGradientValues{3}(80) = complex(0.00263251,-0.0418426);
dGradientValues{3}(81) = complex(0.00525464,-0.0415948);
dGradientValues{3}(82) = complex(0.00785603,-0.0411827);
dGradientValues{3}(83) = complex(0.0104264,-0.0406082);
dGradientValues{3}(84) = complex(0.0129556,-0.0398734);
dGradientValues{3}(85) = complex(0.0154338,-0.0389812);
dGradientValues{3}(86) = complex(0.0178509,-0.0379352);
dGradientValues{3}(87) = complex(0.0201977,-0.0367395);
dGradientValues{3}(88) = complex(0.0224647,-0.0353987);
dGradientValues{3}(89) = complex(0.0246431,-0.0339183);
dGradientValues{3}(90) = complex(0.0267242,-0.032304);
dGradientValues{3}(91) = complex(0.0286999,-0.0305623);
dGradientValues{3}(92) = complex(0.0305623,-0.0286999);
dGradientValues{3}(93) = complex(0.032304,-0.0267242);
dGradientValues{3}(94) = complex(0.0339183,-0.0246431);
dGradientValues{3}(95) = complex(0.0353987,-0.0224647);
dGradientValues{3}(96) = complex(0.0367395,-0.0201977);
dGradientValues{3}(97) = complex(0.0379352,-0.0178509);
dGradientValues{3}(98) = complex(0.0389812,-0.0154338);
dGradientValues{3}(99) = complex(0.0398734,-0.0129556);
dGradientValues{3}(100) = complex(0.0406082,-0.0104264);
dGradientValues{3}(101) = complex(0.0411827,-0.00785603);
dGradientValues{3}(102) = complex(0.0415948,-0.00525464);
dGradientValues{3}(103) = complex(0.0418426,-0.00263251);
dGradientValues{3}(104) = complex(0.0419253,-7.70131e-018);
dGradientValues{3}(105) = complex(0.0418426,0.00263251);
dGradientValues{3}(106) = complex(0.0415948,0.00525464);
dGradientValues{3}(107) = complex(0.0411827,0.00785603);
dGradientValues{3}(108) = complex(0.0406082,0.0104264);
dGradientValues{3}(109) = complex(0.0398734,0.0129556);
dGradientValues{3}(110) = complex(0.0389812,0.0154338);
dGradientValues{3}(111) = complex(0.0379352,0.0178509);
dGradientValues{3}(112) = complex(0.0367395,0.0201977);
dGradientValues{3}(113) = complex(0.0353987,0.0224647);
dGradientValues{3}(114) = complex(0.0339183,0.0246431);
dGradientValues{3}(115) = complex(0.032304,0.0267242);
dGradientValues{3}(116) = complex(0.0305623,0.0286999);
dGradientValues{3}(117) = complex(0.0286999,0.0305623);
dGradientValues{3}(118) = complex(0.0267242,0.032304);
dGradientValues{3}(119) = complex(0.0246431,0.0339183);
dGradientValues{3}(120) = complex(0.0224647,0.0353987);
dGradientValues{3}(121) = complex(0.0201977,0.0367395);
dGradientValues{3}(122) = complex(0.0178509,0.0379352);
dGradientValues{3}(123) = complex(0.0154338,0.0389812);
dGradientValues{3}(124) = complex(0.0129556,0.0398734);
dGradientValues{3}(125) = complex(0.0104264,0.0406082);
dGradientValues{3}(126) = complex(0.00785603,0.0411827);
dGradientValues{3}(127) = complex(0.00525464,0.0415948);
dGradientValues{3}(128) = complex(0.00263251,0.0418426);
dGradientValues{3}(129) = complex(-2.69688e-017,0.0419253);
dGradientValues{3}(130) = complex(-2.69688e-017,0.0419253);
dGradientValues{3}(131) = complex(0,0.0219253);
dGradientValues{3}(132) = complex(0,0.00192535);