dMaxGradAmpl=40;
NumberOfLaunTrackPoints=60;
NumberOfLoopPoints=100;
NumberOfBrakeRunPoints=20;
dGradientValues{24}(1) = complex(0,0);
dGradientValues{24}(2) = complex(0,0);
dGradientValues{24}(3) = complex(0.0117036,-0.025301);
dGradientValues{24}(4) = complex(0.0234071,-0.050602);
dGradientValues{24}(5) = complex(0.0351107,-0.075903);
dGradientValues{24}(6) = complex(0.0468142,-0.101204);
dGradientValues{24}(7) = complex(0.0585178,-0.126505);
dGradientValues{24}(8) = complex(0.0702213,-0.151806);
dGradientValues{24}(9) = complex(0.0819249,-0.177107);
dGradientValues{24}(10) = complex(0.0936284,-0.202408);
dGradientValues{24}(11) = complex(0.105332,-0.227709);
dGradientValues{24}(12) = complex(0.117036,-0.25301);
dGradientValues{24}(13) = complex(0.128739,-0.278311);
dGradientValues{24}(14) = complex(0.140443,-0.303612);
dGradientValues{24}(15) = complex(0.152146,-0.328913);
dGradientValues{24}(16) = complex(0.16385,-0.354214);
dGradientValues{24}(17) = complex(0.175553,-0.379515);
dGradientValues{24}(18) = complex(0.16385,-0.354214);
dGradientValues{24}(19) = complex(0.152146,-0.328913);
dGradientValues{24}(20) = complex(0.140443,-0.303612);
dGradientValues{24}(21) = complex(0.128739,-0.278311);
dGradientValues{24}(22) = complex(0.117036,-0.25301);
dGradientValues{24}(23) = complex(0.105332,-0.227709);
dGradientValues{24}(24) = complex(0.0936284,-0.202408);
dGradientValues{24}(25) = complex(0.0819249,-0.177107);
dGradientValues{24}(26) = complex(0.0702213,-0.151806);
dGradientValues{24}(27) = complex(0.0585178,-0.126505);
dGradientValues{24}(28) = complex(0.0468142,-0.101204);
dGradientValues{24}(29) = complex(0.0351107,-0.075903);
dGradientValues{24}(30) = complex(0.0234071,-0.050602);
dGradientValues{24}(31) = complex(0.0117036,-0.025301);
dGradientValues{24}(32) = complex(1.39832e-017,-3.02292e-017);
dGradientValues{24}(33) = complex(0,0);
dGradientValues{24}(34) = complex(0.0253489,0.0117944);
dGradientValues{24}(35) = complex(0.0503153,0.0238205);
dGradientValues{24}(36) = complex(0.0745243,0.0362954);
dGradientValues{24}(37) = complex(0.0976157,0.0494082);
dGradientValues{24}(38) = complex(0.119251,0.0633092);
dGradientValues{24}(39) = complex(0.13912,0.0781012);
dGradientValues{24}(40) = complex(0.156946,0.0938351);
dGradientValues{24}(41) = complex(0.172489,0.110508);
dGradientValues{24}(42) = complex(0.185555,0.128067);
dGradientValues{24}(43) = complex(0.195988,0.14641);
dGradientValues{24}(44) = complex(0.203681,0.165396);
dGradientValues{24}(45) = complex(0.208568,0.184851);
dGradientValues{24}(46) = complex(0.210627,0.204578);
dGradientValues{24}(47) = complex(0.209876,0.224361);
dGradientValues{24}(48) = complex(0.206368,0.24398);
dGradientValues{24}(49) = complex(0.200187,0.263211);
dGradientValues{24}(50) = complex(0.191447,0.281836);
dGradientValues{24}(51) = complex(0.180285,0.299647);
dGradientValues{24}(52) = complex(0.166856,0.316449);
dGradientValues{24}(53) = complex(0.151332,0.332062);
dGradientValues{24}(54) = complex(0.133894,0.346326);
dGradientValues{24}(55) = complex(0.114733,0.359099);
dGradientValues{24}(56) = complex(0.0940457,0.370258);
dGradientValues{24}(57) = complex(0.0720289,0.379698);
dGradientValues{24}(58) = complex(0.0488819,0.387337);
dGradientValues{24}(59) = complex(0.0248023,0.393105);
dGradientValues{24}(60) = complex(-4.37537e-017,0.394098);
dGradientValues{24}(61) = complex(-0.0247456,0.393321);
dGradientValues{24}(62) = complex(-0.0493936,0.390991);
dGradientValues{24}(63) = complex(-0.0738467,0.387118);
dGradientValues{24}(64) = complex(-0.0980083,0.381717);
dGradientValues{24}(65) = complex(-0.121783,0.37481);
dGradientValues{24}(66) = complex(-0.145077,0.366423);
dGradientValues{24}(67) = complex(-0.167799,0.356591);
dGradientValues{24}(68) = complex(-0.189858,0.345351);
dGradientValues{24}(69) = complex(-0.211168,0.332748);
dGradientValues{24}(70) = complex(-0.231645,0.318832);
dGradientValues{24}(71) = complex(-0.251208,0.303658);
dGradientValues{24}(72) = complex(-0.269779,0.287285);
dGradientValues{24}(73) = complex(-0.287285,0.269779);
dGradientValues{24}(74) = complex(-0.303658,0.251208);
dGradientValues{24}(75) = complex(-0.318832,0.231645);
dGradientValues{24}(76) = complex(-0.332748,0.211168);
dGradientValues{24}(77) = complex(-0.345351,0.189858);
dGradientValues{24}(78) = complex(-0.356591,0.167799);
dGradientValues{24}(79) = complex(-0.366423,0.145077);
dGradientValues{24}(80) = complex(-0.37481,0.121783);
dGradientValues{24}(81) = complex(-0.381717,0.0980083);
dGradientValues{24}(82) = complex(-0.387118,0.0738467);
dGradientValues{24}(83) = complex(-0.390991,0.0493936);
dGradientValues{24}(84) = complex(-0.393321,0.0247456);
dGradientValues{24}(85) = complex(-0.394098,-1.50884e-016);
dGradientValues{24}(86) = complex(-0.393321,-0.0247456);
dGradientValues{24}(87) = complex(-0.390991,-0.0493936);
dGradientValues{24}(88) = complex(-0.387118,-0.0738467);
dGradientValues{24}(89) = complex(-0.381717,-0.0980083);
dGradientValues{24}(90) = complex(-0.37481,-0.121783);
dGradientValues{24}(91) = complex(-0.366423,-0.145077);
dGradientValues{24}(92) = complex(-0.356591,-0.167799);
dGradientValues{24}(93) = complex(-0.345351,-0.189858);
dGradientValues{24}(94) = complex(-0.332748,-0.211168);
dGradientValues{24}(95) = complex(-0.318832,-0.231645);
dGradientValues{24}(96) = complex(-0.303658,-0.251208);
dGradientValues{24}(97) = complex(-0.287285,-0.269779);
dGradientValues{24}(98) = complex(-0.269779,-0.287285);
dGradientValues{24}(99) = complex(-0.251208,-0.303658);
dGradientValues{24}(100) = complex(-0.231645,-0.318832);
dGradientValues{24}(101) = complex(-0.211168,-0.332748);
dGradientValues{24}(102) = complex(-0.189858,-0.345351);
dGradientValues{24}(103) = complex(-0.167799,-0.356591);
dGradientValues{24}(104) = complex(-0.145077,-0.366423);
dGradientValues{24}(105) = complex(-0.121783,-0.37481);
dGradientValues{24}(106) = complex(-0.0980083,-0.381717);
dGradientValues{24}(107) = complex(-0.0738467,-0.387118);
dGradientValues{24}(108) = complex(-0.0493936,-0.390991);
dGradientValues{24}(109) = complex(-0.0247456,-0.393321);
dGradientValues{24}(110) = complex(1.26753e-016,-0.394098);
dGradientValues{24}(111) = complex(0.0247456,-0.393321);
dGradientValues{24}(112) = complex(0.0493936,-0.390991);
dGradientValues{24}(113) = complex(0.0738467,-0.387118);
dGradientValues{24}(114) = complex(0.0980083,-0.381717);
dGradientValues{24}(115) = complex(0.121783,-0.37481);
dGradientValues{24}(116) = complex(0.145077,-0.366423);
dGradientValues{24}(117) = complex(0.167799,-0.356591);
dGradientValues{24}(118) = complex(0.189858,-0.345351);
dGradientValues{24}(119) = complex(0.211168,-0.332748);
dGradientValues{24}(120) = complex(0.231645,-0.318832);
dGradientValues{24}(121) = complex(0.251208,-0.303658);
dGradientValues{24}(122) = complex(0.269779,-0.287285);
dGradientValues{24}(123) = complex(0.287285,-0.269779);
dGradientValues{24}(124) = complex(0.303658,-0.251208);
dGradientValues{24}(125) = complex(0.318832,-0.231645);
dGradientValues{24}(126) = complex(0.332748,-0.211168);
dGradientValues{24}(127) = complex(0.345351,-0.189858);
dGradientValues{24}(128) = complex(0.356591,-0.167799);
dGradientValues{24}(129) = complex(0.366423,-0.145077);
dGradientValues{24}(130) = complex(0.37481,-0.121783);
dGradientValues{24}(131) = complex(0.381717,-0.0980083);
dGradientValues{24}(132) = complex(0.387118,-0.0738467);
dGradientValues{24}(133) = complex(0.390991,-0.0493936);
dGradientValues{24}(134) = complex(0.393321,-0.0247456);
dGradientValues{24}(135) = complex(0.394098,-7.23923e-017);
dGradientValues{24}(136) = complex(0.393321,0.0247456);
dGradientValues{24}(137) = complex(0.390991,0.0493936);
dGradientValues{24}(138) = complex(0.387118,0.0738467);
dGradientValues{24}(139) = complex(0.381717,0.0980083);
dGradientValues{24}(140) = complex(0.37481,0.121783);
