dMaxGradAmpl=40;
NumberOfLaunTrackPoints=21;
NumberOfLoopPoints=100;
NumberOfBrakeRunPoints=2;
dGradientValues{2}(1) = complex(0,0);
dGradientValues{2}(2) = complex(0,0);
dGradientValues{2}(3) = complex(0.00807734,-0.00123074);
dGradientValues{2}(4) = complex(0.0161547,-0.00246147);
dGradientValues{2}(5) = complex(0.024232,-0.00369221);
dGradientValues{2}(6) = complex(0.0323094,-0.00492295);
dGradientValues{2}(7) = complex(0.0403867,-0.00615368);
dGradientValues{2}(8) = complex(0.048464,-0.00738442);
dGradientValues{2}(9) = complex(0.0565414,-0.00861516);
dGradientValues{2}(10) = complex(0.048464,-0.00738442);
dGradientValues{2}(11) = complex(0.0403867,-0.00615368);
dGradientValues{2}(12) = complex(0.0323094,-0.00492295);
dGradientValues{2}(13) = complex(0.024232,-0.00369221);
dGradientValues{2}(14) = complex(0.0161547,-0.00246147);
dGradientValues{2}(15) = complex(0.00807734,-0.00123074);
dGradientValues{2}(16) = complex(-2.74389e-018,4.18084e-019);
dGradientValues{2}(17) = complex(0,0);
dGradientValues{2}(18) = complex(0.00111879,0.00786799);
dGradientValues{2}(19) = complex(0.00173842,0.0154897);
dGradientValues{2}(20) = complex(0.00144592,0.0226116);
dGradientValues{2}(21) = complex(0,0.0251552);
dGradientValues{2}(22) = complex(-0.00157951,0.0251056);
dGradientValues{2}(23) = complex(-0.00315278,0.0249569);
dGradientValues{2}(24) = complex(-0.00471362,0.0247096);
dGradientValues{2}(25) = complex(-0.00625585,0.0243649);
dGradientValues{2}(26) = complex(-0.00777339,0.023924);
dGradientValues{2}(27) = complex(-0.00926025,0.0233887);
dGradientValues{2}(28) = complex(-0.0107106,0.0227611);
dGradientValues{2}(29) = complex(-0.0121186,0.0220437);
dGradientValues{2}(30) = complex(-0.0134788,0.0212392);
dGradientValues{2}(31) = complex(-0.0147859,0.020351);
dGradientValues{2}(32) = complex(-0.0160345,0.0193824);
dGradientValues{2}(33) = complex(-0.0172199,0.0183374);
dGradientValues{2}(34) = complex(-0.0183374,0.0172199);
dGradientValues{2}(35) = complex(-0.0193824,0.0160345);
dGradientValues{2}(36) = complex(-0.020351,0.0147859);
dGradientValues{2}(37) = complex(-0.0212392,0.0134788);
dGradientValues{2}(38) = complex(-0.0220437,0.0121186);
dGradientValues{2}(39) = complex(-0.0227611,0.0107106);
dGradientValues{2}(40) = complex(-0.0233887,0.00926025);
dGradientValues{2}(41) = complex(-0.023924,0.00777339);
dGradientValues{2}(42) = complex(-0.0243649,0.00625585);
dGradientValues{2}(43) = complex(-0.0247096,0.00471362);
dGradientValues{2}(44) = complex(-0.0249569,0.00315278);
dGradientValues{2}(45) = complex(-0.0251056,0.00157951);
dGradientValues{2}(46) = complex(-0.0251552,-4.04532e-018);
dGradientValues{2}(47) = complex(-0.0251056,-0.00157951);
dGradientValues{2}(48) = complex(-0.0249569,-0.00315278);
dGradientValues{2}(49) = complex(-0.0247096,-0.00471362);
dGradientValues{2}(50) = complex(-0.0243649,-0.00625585);
dGradientValues{2}(51) = complex(-0.023924,-0.00777339);
dGradientValues{2}(52) = complex(-0.0233887,-0.00926025);
dGradientValues{2}(53) = complex(-0.0227611,-0.0107106);
dGradientValues{2}(54) = complex(-0.0220437,-0.0121186);
dGradientValues{2}(55) = complex(-0.0212392,-0.0134788);
dGradientValues{2}(56) = complex(-0.020351,-0.0147859);
dGradientValues{2}(57) = complex(-0.0193824,-0.0160345);
dGradientValues{2}(58) = complex(-0.0183374,-0.0172199);
dGradientValues{2}(59) = complex(-0.0172199,-0.0183374);
dGradientValues{2}(60) = complex(-0.0160345,-0.0193824);
dGradientValues{2}(61) = complex(-0.0147859,-0.020351);
dGradientValues{2}(62) = complex(-0.0134788,-0.0212392);
dGradientValues{2}(63) = complex(-0.0121186,-0.0220437);
dGradientValues{2}(64) = complex(-0.0107106,-0.0227611);
dGradientValues{2}(65) = complex(-0.00926025,-0.0233887);
dGradientValues{2}(66) = complex(-0.00777339,-0.023924);
dGradientValues{2}(67) = complex(-0.00625585,-0.0243649);
dGradientValues{2}(68) = complex(-0.00471362,-0.0247096);
dGradientValues{2}(69) = complex(-0.00315278,-0.0249569);
dGradientValues{2}(70) = complex(-0.00157951,-0.0251056);
dGradientValues{2}(71) = complex(8.09063e-018,-0.0251552);
dGradientValues{2}(72) = complex(0.00157951,-0.0251056);
dGradientValues{2}(73) = complex(0.00315278,-0.0249569);
dGradientValues{2}(74) = complex(0.00471362,-0.0247096);
dGradientValues{2}(75) = complex(0.00625585,-0.0243649);
dGradientValues{2}(76) = complex(0.00777339,-0.023924);
dGradientValues{2}(77) = complex(0.00926025,-0.0233887);
dGradientValues{2}(78) = complex(0.0107106,-0.0227611);
dGradientValues{2}(79) = complex(0.0121186,-0.0220437);
dGradientValues{2}(80) = complex(0.0134788,-0.0212392);
dGradientValues{2}(81) = complex(0.0147859,-0.020351);
dGradientValues{2}(82) = complex(0.0160345,-0.0193824);
dGradientValues{2}(83) = complex(0.0172199,-0.0183374);
dGradientValues{2}(84) = complex(0.0183374,-0.0172199);
dGradientValues{2}(85) = complex(0.0193824,-0.0160345);
dGradientValues{2}(86) = complex(0.020351,-0.0147859);
dGradientValues{2}(87) = complex(0.0212392,-0.0134788);
dGradientValues{2}(88) = complex(0.0220437,-0.0121186);
dGradientValues{2}(89) = complex(0.0227611,-0.0107106);
dGradientValues{2}(90) = complex(0.0233887,-0.00926025);
dGradientValues{2}(91) = complex(0.023924,-0.00777339);
dGradientValues{2}(92) = complex(0.0243649,-0.00625585);
dGradientValues{2}(93) = complex(0.0247096,-0.00471362);
dGradientValues{2}(94) = complex(0.0249569,-0.00315278);
dGradientValues{2}(95) = complex(0.0251056,-0.00157951);
dGradientValues{2}(96) = complex(0.0251552,-4.62078e-018);
dGradientValues{2}(97) = complex(0.0251056,0.00157951);
dGradientValues{2}(98) = complex(0.0249569,0.00315278);
dGradientValues{2}(99) = complex(0.0247096,0.00471362);
dGradientValues{2}(100) = complex(0.0243649,0.00625585);
dGradientValues{2}(101) = complex(0.023924,0.00777339);
dGradientValues{2}(102) = complex(0.0233887,0.00926025);
dGradientValues{2}(103) = complex(0.0227611,0.0107106);
dGradientValues{2}(104) = complex(0.0220437,0.0121186);
dGradientValues{2}(105) = complex(0.0212392,0.0134788);
dGradientValues{2}(106) = complex(0.020351,0.0147859);
dGradientValues{2}(107) = complex(0.0193824,0.0160345);
dGradientValues{2}(108) = complex(0.0183374,0.0172199);
dGradientValues{2}(109) = complex(0.0172199,0.0183374);
dGradientValues{2}(110) = complex(0.0160345,0.0193824);
dGradientValues{2}(111) = complex(0.0147859,0.020351);
dGradientValues{2}(112) = complex(0.0134788,0.0212392);
dGradientValues{2}(113) = complex(0.0121186,0.0220437);
dGradientValues{2}(114) = complex(0.0107106,0.0227611);
dGradientValues{2}(115) = complex(0.00926025,0.0233887);
dGradientValues{2}(116) = complex(0.00777339,0.023924);
dGradientValues{2}(117) = complex(0.00625585,0.0243649);
dGradientValues{2}(118) = complex(0.00471362,0.0247096);
dGradientValues{2}(119) = complex(0.00315278,0.0249569);
dGradientValues{2}(120) = complex(0.00157951,0.0251056);
dGradientValues{2}(121) = complex(-1.61813e-017,0.0251552);
dGradientValues{2}(122) = complex(-1.61813e-017,0.0251552);
dGradientValues{2}(123) = complex(0,0.00515521);