dMaxGradAmpl=40;
NumberOfLaunTrackPoints=13;
NumberOfLoopPoints=100;
NumberOfBrakeRunPoints=1;
dGradientValues{1}(1) = complex(0,0);
dGradientValues{1}(2) = complex(0,0);
dGradientValues{1}(3) = complex(0.00828912,-0.000926918);
dGradientValues{1}(4) = complex(0.0165782,-0.00185384);
dGradientValues{1}(5) = complex(0.0248674,-0.00278075);
dGradientValues{1}(6) = complex(0.0331565,-0.00370767);
dGradientValues{1}(7) = complex(0.0248674,-0.00278075);
dGradientValues{1}(8) = complex(0.0165782,-0.00185384);
dGradientValues{1}(9) = complex(0.00828912,-0.000926918);
dGradientValues{1}(10) = complex(-2.75837e-018,3.0845e-019);
dGradientValues{1}(11) = complex(0,0);
dGradientValues{1}(12) = complex(0.000639995,0.00781773);
dGradientValues{1}(13) = complex(1.16366e-019,0.00838507);
dGradientValues{1}(14) = complex(-0.000526503,0.00836852);
dGradientValues{1}(15) = complex(-0.00105093,0.00831895);
dGradientValues{1}(16) = complex(-0.00157121,0.00823655);
dGradientValues{1}(17) = complex(-0.00208528,0.00812164);
dGradientValues{1}(18) = complex(-0.00259113,0.00797468);
dGradientValues{1}(19) = complex(-0.00308675,0.00779624);
dGradientValues{1}(20) = complex(-0.00357019,0.00758704);
dGradientValues{1}(21) = complex(-0.00403954,0.00734789);
dGradientValues{1}(22) = complex(-0.00449295,0.00707975);
dGradientValues{1}(23) = complex(-0.00492862,0.00678366);
dGradientValues{1}(24) = complex(-0.00534484,0.00646081);
dGradientValues{1}(25) = complex(-0.00573998,0.00611245);
dGradientValues{1}(26) = complex(-0.00611245,0.00573998);
dGradientValues{1}(27) = complex(-0.00646081,0.00534484);
dGradientValues{1}(28) = complex(-0.00678366,0.00492862);
dGradientValues{1}(29) = complex(-0.00707975,0.00449295);
dGradientValues{1}(30) = complex(-0.00734789,0.00403954);
dGradientValues{1}(31) = complex(-0.00758704,0.00357019);
dGradientValues{1}(32) = complex(-0.00779624,0.00308675);
dGradientValues{1}(33) = complex(-0.00797468,0.00259113);
dGradientValues{1}(34) = complex(-0.00812164,0.00208528);
dGradientValues{1}(35) = complex(-0.00823655,0.00157121);
dGradientValues{1}(36) = complex(-0.00831895,0.00105093);
dGradientValues{1}(37) = complex(-0.00836852,0.000526503);
dGradientValues{1}(38) = complex(-0.00838507,-1.34844e-018);
dGradientValues{1}(39) = complex(-0.00836852,-0.000526503);
dGradientValues{1}(40) = complex(-0.00831895,-0.00105093);
dGradientValues{1}(41) = complex(-0.00823655,-0.00157121);
dGradientValues{1}(42) = complex(-0.00812164,-0.00208528);
dGradientValues{1}(43) = complex(-0.00797468,-0.00259113);
dGradientValues{1}(44) = complex(-0.00779624,-0.00308675);
dGradientValues{1}(45) = complex(-0.00758704,-0.00357019);
dGradientValues{1}(46) = complex(-0.00734789,-0.00403954);
dGradientValues{1}(47) = complex(-0.00707975,-0.00449295);
dGradientValues{1}(48) = complex(-0.00678366,-0.00492862);
dGradientValues{1}(49) = complex(-0.00646081,-0.00534484);
dGradientValues{1}(50) = complex(-0.00611245,-0.00573998);
dGradientValues{1}(51) = complex(-0.00573998,-0.00611245);
dGradientValues{1}(52) = complex(-0.00534484,-0.00646081);
dGradientValues{1}(53) = complex(-0.00492862,-0.00678366);
dGradientValues{1}(54) = complex(-0.00449295,-0.00707975);
dGradientValues{1}(55) = complex(-0.00403954,-0.00734789);
dGradientValues{1}(56) = complex(-0.00357019,-0.00758704);
dGradientValues{1}(57) = complex(-0.00308675,-0.00779624);
dGradientValues{1}(58) = complex(-0.00259113,-0.00797468);
dGradientValues{1}(59) = complex(-0.00208528,-0.00812164);
dGradientValues{1}(60) = complex(-0.00157121,-0.00823655);
dGradientValues{1}(61) = complex(-0.00105093,-0.00831895);
dGradientValues{1}(62) = complex(-0.000526503,-0.00836852);
dGradientValues{1}(63) = complex(2.69688e-018,-0.00838507);
dGradientValues{1}(64) = complex(0.000526503,-0.00836852);
dGradientValues{1}(65) = complex(0.00105093,-0.00831895);
dGradientValues{1}(66) = complex(0.00157121,-0.00823655);
dGradientValues{1}(67) = complex(0.00208528,-0.00812164);
dGradientValues{1}(68) = complex(0.00259113,-0.00797468);
dGradientValues{1}(69) = complex(0.00308675,-0.00779624);
dGradientValues{1}(70) = complex(0.00357019,-0.00758704);
dGradientValues{1}(71) = complex(0.00403954,-0.00734789);
dGradientValues{1}(72) = complex(0.00449295,-0.00707975);
dGradientValues{1}(73) = complex(0.00492862,-0.00678366);
dGradientValues{1}(74) = complex(0.00534484,-0.00646081);
dGradientValues{1}(75) = complex(0.00573998,-0.00611245);
dGradientValues{1}(76) = complex(0.00611245,-0.00573998);
dGradientValues{1}(77) = complex(0.00646081,-0.00534484);
dGradientValues{1}(78) = complex(0.00678366,-0.00492862);
dGradientValues{1}(79) = complex(0.00707975,-0.00449295);
dGradientValues{1}(80) = complex(0.00734789,-0.00403954);
dGradientValues{1}(81) = complex(0.00758704,-0.00357019);
dGradientValues{1}(82) = complex(0.00779624,-0.00308675);
dGradientValues{1}(83) = complex(0.00797468,-0.00259113);
dGradientValues{1}(84) = complex(0.00812164,-0.00208528);
dGradientValues{1}(85) = complex(0.00823655,-0.00157121);
dGradientValues{1}(86) = complex(0.00831895,-0.00105093);
dGradientValues{1}(87) = complex(0.00836852,-0.000526503);
dGradientValues{1}(88) = complex(0.00838507,-1.54026e-018);
dGradientValues{1}(89) = complex(0.00836852,0.000526503);
dGradientValues{1}(90) = complex(0.00831895,0.00105093);
dGradientValues{1}(91) = complex(0.00823655,0.00157121);
dGradientValues{1}(92) = complex(0.00812164,0.00208528);
dGradientValues{1}(93) = complex(0.00797468,0.00259113);
dGradientValues{1}(94) = complex(0.00779624,0.00308675);
dGradientValues{1}(95) = complex(0.00758704,0.00357019);
dGradientValues{1}(96) = complex(0.00734789,0.00403954);
dGradientValues{1}(97) = complex(0.00707975,0.00449295);
dGradientValues{1}(98) = complex(0.00678366,0.00492862);
dGradientValues{1}(99) = complex(0.00646081,0.00534484);
dGradientValues{1}(100) = complex(0.00611245,0.00573998);
dGradientValues{1}(101) = complex(0.00573998,0.00611245);
dGradientValues{1}(102) = complex(0.00534484,0.00646081);
dGradientValues{1}(103) = complex(0.00492862,0.00678366);
dGradientValues{1}(104) = complex(0.00449295,0.00707975);
dGradientValues{1}(105) = complex(0.00403954,0.00734789);
dGradientValues{1}(106) = complex(0.00357019,0.00758704);
dGradientValues{1}(107) = complex(0.00308675,0.00779624);
dGradientValues{1}(108) = complex(0.00259113,0.00797468);
dGradientValues{1}(109) = complex(0.00208528,0.00812164);
dGradientValues{1}(110) = complex(0.00157121,0.00823655);
dGradientValues{1}(111) = complex(0.00105093,0.00831895);
dGradientValues{1}(112) = complex(0.000526503,0.00836852);
dGradientValues{1}(113) = complex(-5.39376e-018,0.00838507);
dGradientValues{1}(114) = complex(-5.39376e-018,0.00838507);