dMaxGradAmpl=40;
NumberOfLaunTrackPoints=74;
NumberOfLoopPoints=100;
NumberOfBrakeRunPoints=25;
dGradientValues{30}(1) = complex(0,0);
dGradientValues{30}(2) = complex(0,0);
dGradientValues{30}(3) = complex(-0.00698892,-0.0299521);
dGradientValues{30}(4) = complex(-0.0139778,-0.0599041);
dGradientValues{30}(5) = complex(-0.0209668,-0.0898562);
dGradientValues{30}(6) = complex(-0.0279557,-0.119808);
dGradientValues{30}(7) = complex(-0.0349446,-0.14976);
dGradientValues{30}(8) = complex(-0.0419335,-0.179712);
dGradientValues{30}(9) = complex(-0.0489225,-0.209664);
dGradientValues{30}(10) = complex(-0.0559114,-0.239616);
dGradientValues{30}(11) = complex(-0.0629003,-0.269569);
dGradientValues{30}(12) = complex(-0.0698892,-0.299521);
dGradientValues{30}(13) = complex(-0.0768781,-0.329473);
dGradientValues{30}(14) = complex(-0.0838671,-0.359425);
dGradientValues{30}(15) = complex(-0.090856,-0.389377);
dGradientValues{30}(16) = complex(-0.0978449,-0.419329);
dGradientValues{30}(17) = complex(-0.104834,-0.449281);
dGradientValues{30}(18) = complex(-0.111823,-0.479233);
dGradientValues{30}(19) = complex(-0.104834,-0.449281);
dGradientValues{30}(20) = complex(-0.0978449,-0.419329);
dGradientValues{30}(21) = complex(-0.090856,-0.389377);
dGradientValues{30}(22) = complex(-0.0838671,-0.359425);
dGradientValues{30}(23) = complex(-0.0768781,-0.329473);
dGradientValues{30}(24) = complex(-0.0698892,-0.299521);
dGradientValues{30}(25) = complex(-0.0629003,-0.269569);
dGradientValues{30}(26) = complex(-0.0559114,-0.239616);
dGradientValues{30}(27) = complex(-0.0489225,-0.209664);
dGradientValues{30}(28) = complex(-0.0419335,-0.179712);
dGradientValues{30}(29) = complex(-0.0349446,-0.14976);
dGradientValues{30}(30) = complex(-0.0279557,-0.119808);
dGradientValues{30}(31) = complex(-0.0209668,-0.0898562);
dGradientValues{30}(32) = complex(-0.0139778,-0.0599041);
dGradientValues{30}(33) = complex(-0.00698892,-0.0299521);
dGradientValues{30}(34) = complex(7.56838e-018,3.24354e-017);
dGradientValues{30}(35) = complex(0,0);
dGradientValues{30}(36) = complex(0.0311354,-0.00719841);
dGradientValues{30}(37) = complex(0.0621055,-0.0139616);
dGradientValues{30}(38) = complex(0.0927418,-0.0198697);
dGradientValues{30}(39) = complex(0.122871,-0.0245323);
dGradientValues{30}(40) = complex(0.152312,-0.0276014);
dGradientValues{30}(41) = complex(0.180878,-0.0287814);
dGradientValues{30}(42) = complex(0.208376,-0.0278367);
dGradientValues{30}(43) = complex(0.234608,-0.0245961);
dGradientValues{30}(44) = complex(0.259378,-0.0189543);
dGradientValues{30}(45) = complex(0.282492,-0.0108708);
dGradientValues{30}(46) = complex(0.303766,-0.000365706);
dGradientValues{30}(47) = complex(0.323027,0.012485);
dGradientValues{30}(48) = complex(0.340119,0.0275568);
dGradientValues{30}(49) = complex(0.354907,0.044684);
dGradientValues{30}(50) = complex(0.367276,0.0636678);
dGradientValues{30}(51) = complex(0.377137,0.0842839);
dGradientValues{30}(52) = complex(0.384425,0.10629);
dGradientValues{30}(53) = complex(0.389098,0.129432);
dGradientValues{30}(54) = complex(0.391142,0.153451);
dGradientValues{30}(55) = complex(0.390561,0.178087);
dGradientValues{30}(56) = complex(0.387385,0.203086);
dGradientValues{30}(57) = complex(0.381661,0.228198);
dGradientValues{30}(58) = complex(0.373454,0.253186);
dGradientValues{30}(59) = complex(0.362847,0.277822);
dGradientValues{30}(60) = complex(0.349934,0.301894);
dGradientValues{30}(61) = complex(0.334823,0.325204);
dGradientValues{30}(62) = complex(0.31763,0.347567);
dGradientValues{30}(63) = complex(0.298484,0.368813);
dGradientValues{30}(64) = complex(0.277516,0.388791);
dGradientValues{30}(65) = complex(0.254868,0.407359);
dGradientValues{30}(66) = complex(0.230681,0.424395);
dGradientValues{30}(67) = complex(0.205106,0.439787);
dGradientValues{30}(68) = complex(0.178292,0.45344);
dGradientValues{30}(69) = complex(0.150392,0.46527);
dGradientValues{30}(70) = complex(0.12156,0.475207);
dGradientValues{30}(71) = complex(0.0919507,0.483194);
dGradientValues{30}(72) = complex(0.0617181,0.489184);
dGradientValues{30}(73) = complex(0.0310164,0.493144);
dGradientValues{30}(74) = complex(2.05968e-016,0.494719);
dGradientValues{30}(75) = complex(-0.0310637,0.493743);
dGradientValues{30}(76) = complex(-0.0620047,0.490818);
dGradientValues{30}(77) = complex(-0.0927011,0.485956);
dGradientValues{30}(78) = complex(-0.123032,0.479177);
dGradientValues{30}(79) = complex(-0.152877,0.470506);
dGradientValues{30}(80) = complex(-0.182118,0.459978);
dGradientValues{30}(81) = complex(-0.210641,0.447635);
dGradientValues{30}(82) = complex(-0.238333,0.433526);
dGradientValues{30}(83) = complex(-0.265084,0.417705);
dGradientValues{30}(84) = complex(-0.290789,0.400236);
dGradientValues{30}(85) = complex(-0.315346,0.381188);
dGradientValues{30}(86) = complex(-0.338659,0.360635);
dGradientValues{30}(87) = complex(-0.360635,0.338659);
dGradientValues{30}(88) = complex(-0.381188,0.315346);
dGradientValues{30}(89) = complex(-0.400236,0.290789);
dGradientValues{30}(90) = complex(-0.417705,0.265084);
dGradientValues{30}(91) = complex(-0.433526,0.238333);
dGradientValues{30}(92) = complex(-0.447635,0.210641);
dGradientValues{30}(93) = complex(-0.459978,0.182118);
dGradientValues{30}(94) = complex(-0.470506,0.152877);
dGradientValues{30}(95) = complex(-0.479177,0.123032);
dGradientValues{30}(96) = complex(-0.485956,0.0927011);
dGradientValues{30}(97) = complex(-0.490818,0.0620047);
dGradientValues{30}(98) = complex(-0.493743,0.0310637);
dGradientValues{30}(99) = complex(-0.494719,1.40142e-016);
dGradientValues{30}(100) = complex(-0.493743,-0.0310637);
dGradientValues{30}(101) = complex(-0.490818,-0.0620047);
dGradientValues{30}(102) = complex(-0.485956,-0.0927011);
dGradientValues{30}(103) = complex(-0.479177,-0.123032);
dGradientValues{30}(104) = complex(-0.470506,-0.152877);
dGradientValues{30}(105) = complex(-0.459978,-0.182118);
dGradientValues{30}(106) = complex(-0.447635,-0.210641);
dGradientValues{30}(107) = complex(-0.433526,-0.238333);
dGradientValues{30}(108) = complex(-0.417705,-0.265084);
dGradientValues{30}(109) = complex(-0.400236,-0.290789);
dGradientValues{30}(110) = complex(-0.381188,-0.315346);
dGradientValues{30}(111) = complex(-0.360635,-0.338659);
dGradientValues{30}(112) = complex(-0.338659,-0.360635);
dGradientValues{30}(113) = complex(-0.315346,-0.381188);
dGradientValues{30}(114) = complex(-0.290789,-0.400236);
dGradientValues{30}(115) = complex(-0.265084,-0.417705);
dGradientValues{30}(116) = complex(-0.238333,-0.433526);
dGradientValues{30}(117) = complex(-0.210641,-0.447635);
dGradientValues{30}(118) = complex(-0.182118,-0.459978);
dGradientValues{30}(119) = complex(-0.152877,-0.470506);
dGradientValues{30}(120) = complex(-0.123032,-0.479177);
dGradientValues{30}(121) = complex(-0.0927011,-0.485956);
dGradientValues{30}(122) = complex(-0.0620047,-0.490818);
dGradientValues{30}(123) = complex(-0.0310637,-0.493743);
dGradientValues{30}(124) = complex(-6.05836e-017,-0.494719);
dGradientValues{30}(125) = complex(0.0310637,-0.493743);
dGradientValues{30}(126) = complex(0.0620047,-0.490818);
dGradientValues{30}(127) = complex(0.0927011,-0.485956);
dGradientValues{30}(128) = complex(0.123032,-0.479177);
dGradientValues{30}(129) = complex(0.152877,-0.470506);
dGradientValues{30}(130) = complex(0.182118,-0.459978);
dGradientValues{30}(131) = complex(0.210641,-0.447635);
dGradientValues{30}(132) = complex(0.238333,-0.433526);
dGradientValues{30}(133) = complex(0.265084,-0.417705);
dGradientValues{30}(134) = complex(0.290789,-0.400236);
dGradientValues{30}(135) = complex(0.315346,-0.381188);
dGradientValues{30}(136) = complex(0.338659,-0.360635);
dGradientValues{30}(137) = complex(0.360635,-0.338659);
dGradientValues{30}(138) = complex(0.381188,-0.315346);
dGradientValues{30}(139) = complex(0.400236,-0.290789);
