dMaxGradAmpl=40;
NumberOfLaunTrackPoints=55;
NumberOfLoopPoints=100;
NumberOfBrakeRunPoints=13;
dGradientValues{16}(1) = complex(0,0);
dGradientValues{16}(2) = complex(0,0);
dGradientValues{16}(3) = complex(0.0116822,-0.0141986);
dGradientValues{16}(4) = complex(0.0233645,-0.0283971);
dGradientValues{16}(5) = complex(0.0350467,-0.0425957);
dGradientValues{16}(6) = complex(0.0467289,-0.0567943);
dGradientValues{16}(7) = complex(0.0584112,-0.0709929);
dGradientValues{16}(8) = complex(0.0700934,-0.0851914);
dGradientValues{16}(9) = complex(0.0817757,-0.09939);
dGradientValues{16}(10) = complex(0.0934579,-0.113589);
dGradientValues{16}(11) = complex(0.10514,-0.127787);
dGradientValues{16}(12) = complex(0.116822,-0.141986);
dGradientValues{16}(13) = complex(0.128505,-0.156184);
dGradientValues{16}(14) = complex(0.140187,-0.170383);
dGradientValues{16}(15) = complex(0.151869,-0.184581);
dGradientValues{16}(16) = complex(0.163551,-0.19878);
dGradientValues{16}(17) = complex(0.175234,-0.212979);
dGradientValues{16}(18) = complex(0.163551,-0.19878);
dGradientValues{16}(19) = complex(0.151869,-0.184581);
dGradientValues{16}(20) = complex(0.140187,-0.170383);
dGradientValues{16}(21) = complex(0.128505,-0.156184);
dGradientValues{16}(22) = complex(0.116822,-0.141986);
dGradientValues{16}(23) = complex(0.10514,-0.127787);
dGradientValues{16}(24) = complex(0.0934579,-0.113589);
dGradientValues{16}(25) = complex(0.0817757,-0.09939);
dGradientValues{16}(26) = complex(0.0700934,-0.0851914);
dGradientValues{16}(27) = complex(0.0584112,-0.0709929);
dGradientValues{16}(28) = complex(0.0467289,-0.0567943);
dGradientValues{16}(29) = complex(0.0350467,-0.0425957);
dGradientValues{16}(30) = complex(0.0233645,-0.0283971);
dGradientValues{16}(31) = complex(0.0116822,-0.0141986);
dGradientValues{16}(32) = complex(-1.05809e-017,1.286e-017);
dGradientValues{16}(33) = complex(0,0);
dGradientValues{16}(34) = complex(0.0153888,0.012724);
dGradientValues{16}(35) = complex(0.0304463,0.0255465);
dGradientValues{16}(36) = complex(0.0448502,0.0385558);
dGradientValues{16}(37) = complex(0.0582963,0.051821);
dGradientValues{16}(38) = complex(0.0705059,0.0653841);
dGradientValues{16}(39) = complex(0.0812327,0.0792559);
dGradientValues{16}(40) = complex(0.0902682,0.0934129);
dGradientValues{16}(41) = complex(0.097445,0.107798);
dGradientValues{16}(42) = complex(0.102639,0.122325);
dGradientValues{16}(43) = complex(0.10577,0.136879);
dGradientValues{16}(44) = complex(0.106799,0.151328);
dGradientValues{16}(45) = complex(0.105728,0.165522);
dGradientValues{16}(46) = complex(0.102594,0.179308);
dGradientValues{16}(47) = complex(0.0974672,0.192527);
dGradientValues{16}(48) = complex(0.0904442,0.205028);
dGradientValues{16}(49) = complex(0.0816448,0.216665);
dGradientValues{16}(50) = complex(0.0712065,0.227303);
dGradientValues{16}(51) = complex(0.0592805,0.236823);
dGradientValues{16}(52) = complex(0.0460276,0.24512);
dGradientValues{16}(53) = complex(0.0316148,0.252104);
dGradientValues{16}(54) = complex(0.0162121,0.257704);
dGradientValues{16}(55) = complex(-2.16441e-017,0.259937);
dGradientValues{16}(56) = complex(-0.0163216,0.259424);
dGradientValues{16}(57) = complex(-0.0325788,0.257887);
dGradientValues{16}(58) = complex(-0.0487074,0.255333);
dGradientValues{16}(59) = complex(-0.0646437,0.251771);
dGradientValues{16}(60) = complex(-0.080325,0.247215);
dGradientValues{16}(61) = complex(-0.0956893,0.241683);
dGradientValues{16}(62) = complex(-0.110676,0.235198);
dGradientValues{16}(63) = complex(-0.125226,0.227785);
dGradientValues{16}(64) = complex(-0.139281,0.219472);
dGradientValues{16}(65) = complex(-0.152787,0.210294);
dGradientValues{16}(66) = complex(-0.16569,0.200285);
dGradientValues{16}(67) = complex(-0.177939,0.189486);
dGradientValues{16}(68) = complex(-0.189486,0.177939);
dGradientValues{16}(69) = complex(-0.200285,0.16569);
dGradientValues{16}(70) = complex(-0.210294,0.152787);
dGradientValues{16}(71) = complex(-0.219472,0.139281);
dGradientValues{16}(72) = complex(-0.227785,0.125226);
dGradientValues{16}(73) = complex(-0.235198,0.110676);
dGradientValues{16}(74) = complex(-0.241683,0.0956893);
dGradientValues{16}(75) = complex(-0.247215,0.080325);
dGradientValues{16}(76) = complex(-0.251771,0.0646437);
dGradientValues{16}(77) = complex(-0.255333,0.0487074);
dGradientValues{16}(78) = complex(-0.257887,0.0325788);
dGradientValues{16}(79) = complex(-0.259424,0.0163216);
dGradientValues{16}(80) = complex(-0.259937,-4.18016e-017);
dGradientValues{16}(81) = complex(-0.259424,-0.0163216);
dGradientValues{16}(82) = complex(-0.257887,-0.0325788);
dGradientValues{16}(83) = complex(-0.255333,-0.0487074);
dGradientValues{16}(84) = complex(-0.251771,-0.0646437);
dGradientValues{16}(85) = complex(-0.247215,-0.080325);
dGradientValues{16}(86) = complex(-0.241683,-0.0956893);
dGradientValues{16}(87) = complex(-0.235198,-0.110676);
dGradientValues{16}(88) = complex(-0.227785,-0.125226);
dGradientValues{16}(89) = complex(-0.219472,-0.139281);
dGradientValues{16}(90) = complex(-0.210294,-0.152787);
dGradientValues{16}(91) = complex(-0.200285,-0.16569);
dGradientValues{16}(92) = complex(-0.189486,-0.177939);
dGradientValues{16}(93) = complex(-0.177939,-0.189486);
dGradientValues{16}(94) = complex(-0.16569,-0.200285);
dGradientValues{16}(95) = complex(-0.152787,-0.210294);
dGradientValues{16}(96) = complex(-0.139281,-0.219472);
dGradientValues{16}(97) = complex(-0.125226,-0.227785);
dGradientValues{16}(98) = complex(-0.110676,-0.235198);
dGradientValues{16}(99) = complex(-0.0956893,-0.241683);
dGradientValues{16}(100) = complex(-0.080325,-0.247215);
dGradientValues{16}(101) = complex(-0.0646437,-0.251771);
dGradientValues{16}(102) = complex(-0.0487074,-0.255333);
dGradientValues{16}(103) = complex(-0.0325788,-0.257887);
dGradientValues{16}(104) = complex(-0.0163216,-0.259424);
dGradientValues{16}(105) = complex(8.36032e-017,-0.259937);
dGradientValues{16}(106) = complex(0.0163216,-0.259424);
dGradientValues{16}(107) = complex(0.0325788,-0.257887);
dGradientValues{16}(108) = complex(0.0487074,-0.255333);
dGradientValues{16}(109) = complex(0.0646437,-0.251771);
dGradientValues{16}(110) = complex(0.080325,-0.247215);
dGradientValues{16}(111) = complex(0.0956893,-0.241683);
dGradientValues{16}(112) = complex(0.110676,-0.235198);
dGradientValues{16}(113) = complex(0.125226,-0.227785);
dGradientValues{16}(114) = complex(0.139281,-0.219472);
dGradientValues{16}(115) = complex(0.152787,-0.210294);
dGradientValues{16}(116) = complex(0.16569,-0.200285);
dGradientValues{16}(117) = complex(0.177939,-0.189486);
dGradientValues{16}(118) = complex(0.189486,-0.177939);
dGradientValues{16}(119) = complex(0.200285,-0.16569);
dGradientValues{16}(120) = complex(0.210294,-0.152787);
dGradientValues{16}(121) = complex(0.219472,-0.139281);
dGradientValues{16}(122) = complex(0.227785,-0.125226);
dGradientValues{16}(123) = complex(0.235198,-0.110676);
dGradientValues{16}(124) = complex(0.241683,-0.0956893);
dGradientValues{16}(125) = complex(0.247215,-0.080325);
dGradientValues{16}(126) = complex(0.251771,-0.0646437);
dGradientValues{16}(127) = complex(0.255333,-0.0487074);
dGradientValues{16}(128) = complex(0.257887,-0.0325788);
dGradientValues{16}(129) = complex(0.259424,-0.0163216);
dGradientValues{16}(130) = complex(0.259937,-4.77481e-017);
dGradientValues{16}(131) = complex(0.259424,0.0163216);
dGradientValues{16}(132) = complex(0.257887,0.0325788);
dGradientValues{16}(133) = complex(0.255333,0.0487074);
dGradientValues{16}(134) = complex(0.251771,0.0646437);
dGradientValues{16}(135) = complex(0.247215,0.080325);
dGradientValues{16}(136) = complex(0.241683,0.0956893);
dGradientValues{16}(137) = complex(0.235198,0.110676);
dGradientValues{16}(138) = complex(0.227785,0.125226);
dGradientValues{16}(139) = complex(0.219472,0.139281);
