dMaxGradAmpl=40;
NumberOfLaunTrackPoints=49;
NumberOfLoopPoints=100;
NumberOfBrakeRunPoints=8;
dGradientValues{9}(1) = complex(0,0);
dGradientValues{9}(2) = complex(0,0);
dGradientValues{9}(3) = complex(0.00895394,-0.00733531);
dGradientValues{9}(4) = complex(0.0179079,-0.0146706);
dGradientValues{9}(5) = complex(0.0268618,-0.0220059);
dGradientValues{9}(6) = complex(0.0358158,-0.0293412);
dGradientValues{9}(7) = complex(0.0447697,-0.0366766);
dGradientValues{9}(8) = complex(0.0537236,-0.0440119);
dGradientValues{9}(9) = complex(0.0626776,-0.0513472);
dGradientValues{9}(10) = complex(0.0716315,-0.0586825);
dGradientValues{9}(11) = complex(0.0805854,-0.0660178);
dGradientValues{9}(12) = complex(0.0895394,-0.0733531);
dGradientValues{9}(13) = complex(0.0984933,-0.0806884);
dGradientValues{9}(14) = complex(0.107447,-0.0880237);
dGradientValues{9}(15) = complex(0.116401,-0.095359);
dGradientValues{9}(16) = complex(0.125355,-0.102694);
dGradientValues{9}(17) = complex(0.116401,-0.095359);
dGradientValues{9}(18) = complex(0.107447,-0.0880237);
dGradientValues{9}(19) = complex(0.0984933,-0.0806884);
dGradientValues{9}(20) = complex(0.0895394,-0.0733531);
dGradientValues{9}(21) = complex(0.0805854,-0.0660178);
dGradientValues{9}(22) = complex(0.0716315,-0.0586825);
dGradientValues{9}(23) = complex(0.0626776,-0.0513472);
dGradientValues{9}(24) = complex(0.0537236,-0.0440119);
dGradientValues{9}(25) = complex(0.0447697,-0.0366766);
dGradientValues{9}(26) = complex(0.0358158,-0.0293412);
dGradientValues{9}(27) = complex(0.0268618,-0.0220059);
dGradientValues{9}(28) = complex(0.0179079,-0.0146706);
dGradientValues{9}(29) = complex(0.00895394,-0.00733531);
dGradientValues{9}(30) = complex(2.14706e-018,-1.75893e-018);
dGradientValues{9}(31) = complex(0,0);
dGradientValues{9}(32) = complex(0.00756677,0.00928642);
dGradientValues{9}(33) = complex(0.0149078,0.0185938);
dGradientValues{9}(34) = complex(0.0218051,0.0279372);
dGradientValues{9}(35) = complex(0.0280561,0.0373207);
dGradientValues{9}(36) = complex(0.0334796,0.0467333);
dGradientValues{9}(37) = complex(0.0379214,0.0561467);
dGradientValues{9}(38) = complex(0.0412579,0.0655152);
dGradientValues{9}(39) = complex(0.0433981,0.0747763);
dGradientValues{9}(40) = complex(0.0442841,0.0838536);
dGradientValues{9}(41) = complex(0.0438905,0.0926604);
dGradientValues{9}(42) = complex(0.0422219,0.101104);
dGradientValues{9}(43) = complex(0.0393102,0.109088);
dGradientValues{9}(44) = complex(0.0352109,0.116519);
dGradientValues{9}(45) = complex(0.029999,0.123308);
dGradientValues{9}(46) = complex(0.0237655,0.129374);
dGradientValues{9}(47) = complex(0.016613,0.134645);
dGradientValues{9}(48) = complex(0.00865238,0.139059);
dGradientValues{9}(49) = complex(1.38476e-017,0.142546);
dGradientValues{9}(50) = complex(-0.00895055,0.142265);
dGradientValues{9}(51) = complex(-0.0178658,0.141422);
dGradientValues{9}(52) = complex(-0.0267105,0.140021);
dGradientValues{9}(53) = complex(-0.0354498,0.138068);
dGradientValues{9}(54) = complex(-0.0440492,0.135569);
dGradientValues{9}(55) = complex(-0.0524748,0.132536);
dGradientValues{9}(56) = complex(-0.0606932,0.12898);
dGradientValues{9}(57) = complex(-0.0686721,0.124914);
dGradientValues{9}(58) = complex(-0.0763801,0.120356);
dGradientValues{9}(59) = complex(-0.0837865,0.115322);
dGradientValues{9}(60) = complex(-0.0908624,0.109834);
dGradientValues{9}(61) = complex(-0.0975796,0.103912);
dGradientValues{9}(62) = complex(-0.103912,0.0975796);
dGradientValues{9}(63) = complex(-0.109834,0.0908624);
dGradientValues{9}(64) = complex(-0.115322,0.0837865);
dGradientValues{9}(65) = complex(-0.120356,0.0763801);
dGradientValues{9}(66) = complex(-0.124914,0.0686721);
dGradientValues{9}(67) = complex(-0.12898,0.0606932);
dGradientValues{9}(68) = complex(-0.132536,0.0524748);
dGradientValues{9}(69) = complex(-0.135569,0.0440492);
dGradientValues{9}(70) = complex(-0.138068,0.0354498);
dGradientValues{9}(71) = complex(-0.140021,0.0267105);
dGradientValues{9}(72) = complex(-0.141422,0.0178658);
dGradientValues{9}(73) = complex(-0.142265,0.00895055);
dGradientValues{9}(74) = complex(-0.142546,-2.29235e-017);
dGradientValues{9}(75) = complex(-0.142265,-0.00895055);
dGradientValues{9}(76) = complex(-0.141422,-0.0178658);
dGradientValues{9}(77) = complex(-0.140021,-0.0267105);
dGradientValues{9}(78) = complex(-0.138068,-0.0354498);
dGradientValues{9}(79) = complex(-0.135569,-0.0440492);
dGradientValues{9}(80) = complex(-0.132536,-0.0524748);
dGradientValues{9}(81) = complex(-0.12898,-0.0606932);
dGradientValues{9}(82) = complex(-0.124914,-0.0686721);
dGradientValues{9}(83) = complex(-0.120356,-0.0763801);
dGradientValues{9}(84) = complex(-0.115322,-0.0837865);
dGradientValues{9}(85) = complex(-0.109834,-0.0908624);
dGradientValues{9}(86) = complex(-0.103912,-0.0975796);
dGradientValues{9}(87) = complex(-0.0975796,-0.103912);
dGradientValues{9}(88) = complex(-0.0908624,-0.109834);
dGradientValues{9}(89) = complex(-0.0837865,-0.115322);
dGradientValues{9}(90) = complex(-0.0763801,-0.120356);
dGradientValues{9}(91) = complex(-0.0686721,-0.124914);
dGradientValues{9}(92) = complex(-0.0606932,-0.12898);
dGradientValues{9}(93) = complex(-0.0524748,-0.132536);
dGradientValues{9}(94) = complex(-0.0440492,-0.135569);
dGradientValues{9}(95) = complex(-0.0354498,-0.138068);
dGradientValues{9}(96) = complex(-0.0267105,-0.140021);
dGradientValues{9}(97) = complex(-0.0178658,-0.141422);
dGradientValues{9}(98) = complex(-0.00895055,-0.142265);
dGradientValues{9}(99) = complex(4.58469e-017,-0.142546);
dGradientValues{9}(100) = complex(0.00895055,-0.142265);
dGradientValues{9}(101) = complex(0.0178658,-0.141422);
dGradientValues{9}(102) = complex(0.0267105,-0.140021);
dGradientValues{9}(103) = complex(0.0354498,-0.138068);
dGradientValues{9}(104) = complex(0.0440492,-0.135569);
dGradientValues{9}(105) = complex(0.0524748,-0.132536);
dGradientValues{9}(106) = complex(0.0606932,-0.12898);
dGradientValues{9}(107) = complex(0.0686721,-0.124914);
dGradientValues{9}(108) = complex(0.0763801,-0.120356);
dGradientValues{9}(109) = complex(0.0837865,-0.115322);
dGradientValues{9}(110) = complex(0.0908624,-0.109834);
dGradientValues{9}(111) = complex(0.0975796,-0.103912);
dGradientValues{9}(112) = complex(0.103912,-0.0975796);
dGradientValues{9}(113) = complex(0.109834,-0.0908624);
dGradientValues{9}(114) = complex(0.115322,-0.0837865);
dGradientValues{9}(115) = complex(0.120356,-0.0763801);
dGradientValues{9}(116) = complex(0.124914,-0.0686721);
dGradientValues{9}(117) = complex(0.12898,-0.0606932);
dGradientValues{9}(118) = complex(0.132536,-0.0524748);
dGradientValues{9}(119) = complex(0.135569,-0.0440492);
dGradientValues{9}(120) = complex(0.138068,-0.0354498);
dGradientValues{9}(121) = complex(0.140021,-0.0267105);
dGradientValues{9}(122) = complex(0.141422,-0.0178658);
dGradientValues{9}(123) = complex(0.142265,-0.00895055);
dGradientValues{9}(124) = complex(0.142546,-2.61844e-017);
dGradientValues{9}(125) = complex(0.142265,0.00895055);
dGradientValues{9}(126) = complex(0.141422,0.0178658);
dGradientValues{9}(127) = complex(0.140021,0.0267105);
dGradientValues{9}(128) = complex(0.138068,0.0354498);
dGradientValues{9}(129) = complex(0.135569,0.0440492);
dGradientValues{9}(130) = complex(0.132536,0.0524748);
dGradientValues{9}(131) = complex(0.12898,0.0606932);
dGradientValues{9}(132) = complex(0.124914,0.0686721);
dGradientValues{9}(133) = complex(0.120356,0.0763801);
dGradientValues{9}(134) = complex(0.115322,0.0837865);
dGradientValues{9}(135) = complex(0.109834,0.0908624);
dGradientValues{9}(136) = complex(0.103912,0.0975796);
dGradientValues{9}(137) = complex(0.0975796,0.103912);
dGradientValues{9}(138) = complex(0.0908624,0.109834);
dGradientValues{9}(139) = complex(0.0837865,0.115322);
dGradientValues{9}(140) = complex(0.0763801,0.120356);
