dMaxGradAmpl=40;
NumberOfLaunTrackPoints=65;
NumberOfLoopPoints=100;
NumberOfBrakeRunPoints=21;
dGradientValues{25}(1) = complex(0,0);
dGradientValues{25}(2) = complex(0,0);
dGradientValues{25}(3) = complex(0.00709199,-0.0245394);
dGradientValues{25}(4) = complex(0.014184,-0.0490788);
dGradientValues{25}(5) = complex(0.021276,-0.0736182);
dGradientValues{25}(6) = complex(0.028368,-0.0981576);
dGradientValues{25}(7) = complex(0.0354599,-0.122697);
dGradientValues{25}(8) = complex(0.0425519,-0.147236);
dGradientValues{25}(9) = complex(0.0496439,-0.171776);
dGradientValues{25}(10) = complex(0.0567359,-0.196315);
dGradientValues{25}(11) = complex(0.0638279,-0.220855);
dGradientValues{25}(12) = complex(0.0709199,-0.245394);
dGradientValues{25}(13) = complex(0.0780119,-0.269933);
dGradientValues{25}(14) = complex(0.0851039,-0.294473);
dGradientValues{25}(15) = complex(0.0921959,-0.319012);
dGradientValues{25}(16) = complex(0.0992878,-0.343551);
dGradientValues{25}(17) = complex(0.10638,-0.368091);
dGradientValues{25}(18) = complex(0.113472,-0.39263);
dGradientValues{25}(19) = complex(0.10638,-0.368091);
dGradientValues{25}(20) = complex(0.0992878,-0.343551);
dGradientValues{25}(21) = complex(0.0921959,-0.319012);
dGradientValues{25}(22) = complex(0.0851039,-0.294473);
dGradientValues{25}(23) = complex(0.0780119,-0.269933);
dGradientValues{25}(24) = complex(0.0709199,-0.245394);
dGradientValues{25}(25) = complex(0.0638279,-0.220855);
dGradientValues{25}(26) = complex(0.0567359,-0.196315);
dGradientValues{25}(27) = complex(0.0496439,-0.171776);
dGradientValues{25}(28) = complex(0.0425519,-0.147236);
dGradientValues{25}(29) = complex(0.0354599,-0.122697);
dGradientValues{25}(30) = complex(0.028368,-0.0981576);
dGradientValues{25}(31) = complex(0.021276,-0.0736182);
dGradientValues{25}(32) = complex(0.014184,-0.0490788);
dGradientValues{25}(33) = complex(0.00709199,-0.0245394);
dGradientValues{25}(34) = complex(-1.23298e-017,4.2663e-017);
dGradientValues{25}(35) = complex(0,0);
dGradientValues{25}(36) = complex(0.0268442,0.00782035);
dGradientValues{25}(37) = complex(0.0533593,0.015916);
dGradientValues{25}(38) = complex(0.0792212,0.0245481);
dGradientValues{25}(39) = complex(0.104115,0.03395);
dGradientValues{25}(40) = complex(0.127741,0.0443165);
dGradientValues{25}(41) = complex(0.149816,0.0557952);
dGradientValues{25}(42) = complex(0.170084,0.0684806);
dGradientValues{25}(43) = complex(0.188314,0.0824125);
dGradientValues{25}(44) = complex(0.204305,0.0975766);
dGradientValues{25}(45) = complex(0.217892,0.113908);
dGradientValues{25}(46) = complex(0.228944,0.131297);
dGradientValues{25}(47) = complex(0.237366,0.149594);
dGradientValues{25}(48) = complex(0.2431,0.168623);
dGradientValues{25}(49) = complex(0.246122,0.188181);
dGradientValues{25}(50) = complex(0.246442,0.208053);
dGradientValues{25}(51) = complex(0.244098,0.228017);
dGradientValues{25}(52) = complex(0.239159,0.247849);
dGradientValues{25}(53) = complex(0.231716,0.267328);
dGradientValues{25}(54) = complex(0.221881,0.286243);
dGradientValues{25}(55) = complex(0.209785,0.304394);
dGradientValues{25}(56) = complex(0.195573,0.321596);
dGradientValues{25}(57) = complex(0.1794,0.33768);
dGradientValues{25}(58) = complex(0.16143,0.352492);
dGradientValues{25}(59) = complex(0.141835,0.365897);
dGradientValues{25}(60) = complex(0.12079,0.377777);
dGradientValues{25}(61) = complex(0.0984708,0.388032);
dGradientValues{25}(62) = complex(0.0750558,0.396577);
dGradientValues{25}(63) = complex(0.0507221,0.403345);
dGradientValues{25}(64) = complex(0.0256451,0.408281);
dGradientValues{25}(65) = complex(-1.71058e-017,0.410868);
dGradientValues{25}(66) = complex(-0.0257986,0.410058);
dGradientValues{25}(67) = complex(-0.0514955,0.407629);
dGradientValues{25}(68) = complex(-0.0769891,0.403591);
dGradientValues{25}(69) = complex(-0.102179,0.39796);
dGradientValues{25}(70) = complex(-0.126965,0.390759);
dGradientValues{25}(71) = complex(-0.151251,0.382016);
dGradientValues{25}(72) = complex(-0.174939,0.371765);
dGradientValues{25}(73) = complex(-0.197937,0.360047);
dGradientValues{25}(74) = complex(-0.220154,0.346908);
dGradientValues{25}(75) = complex(-0.241502,0.3324);
dGradientValues{25}(76) = complex(-0.261897,0.31658);
dGradientValues{25}(77) = complex(-0.281259,0.29951);
dGradientValues{25}(78) = complex(-0.29951,0.281259);
dGradientValues{25}(79) = complex(-0.31658,0.261897);
dGradientValues{25}(80) = complex(-0.3324,0.241502);
dGradientValues{25}(81) = complex(-0.346908,0.220154);
dGradientValues{25}(82) = complex(-0.360047,0.197937);
dGradientValues{25}(83) = complex(-0.371765,0.174939);
dGradientValues{25}(84) = complex(-0.382016,0.151251);
dGradientValues{25}(85) = complex(-0.390759,0.126965);
dGradientValues{25}(86) = complex(-0.39796,0.102179);
dGradientValues{25}(87) = complex(-0.403591,0.0769891);
dGradientValues{25}(88) = complex(-0.407629,0.0514955);
dGradientValues{25}(89) = complex(-0.410058,0.0257986);
dGradientValues{25}(90) = complex(-0.410868,-6.60735e-017);
dGradientValues{25}(91) = complex(-0.410058,-0.0257986);
dGradientValues{25}(92) = complex(-0.407629,-0.0514955);
dGradientValues{25}(93) = complex(-0.403591,-0.0769891);
dGradientValues{25}(94) = complex(-0.39796,-0.102179);
dGradientValues{25}(95) = complex(-0.390759,-0.126965);
dGradientValues{25}(96) = complex(-0.382016,-0.151251);
dGradientValues{25}(97) = complex(-0.371765,-0.174939);
dGradientValues{25}(98) = complex(-0.360047,-0.197937);
dGradientValues{25}(99) = complex(-0.346908,-0.220154);
dGradientValues{25}(100) = complex(-0.3324,-0.241502);
dGradientValues{25}(101) = complex(-0.31658,-0.261897);
dGradientValues{25}(102) = complex(-0.29951,-0.281259);
dGradientValues{25}(103) = complex(-0.281259,-0.29951);
dGradientValues{25}(104) = complex(-0.261897,-0.31658);
dGradientValues{25}(105) = complex(-0.241502,-0.3324);
dGradientValues{25}(106) = complex(-0.220154,-0.346908);
dGradientValues{25}(107) = complex(-0.197937,-0.360047);
dGradientValues{25}(108) = complex(-0.174939,-0.371765);
dGradientValues{25}(109) = complex(-0.151251,-0.382016);
dGradientValues{25}(110) = complex(-0.126965,-0.390759);
dGradientValues{25}(111) = complex(-0.102179,-0.39796);
dGradientValues{25}(112) = complex(-0.0769891,-0.403591);
dGradientValues{25}(113) = complex(-0.0514955,-0.407629);
dGradientValues{25}(114) = complex(-0.0257986,-0.410058);
dGradientValues{25}(115) = complex(1.32147e-016,-0.410868);
dGradientValues{25}(116) = complex(0.0257986,-0.410058);
dGradientValues{25}(117) = complex(0.0514955,-0.407629);
dGradientValues{25}(118) = complex(0.0769891,-0.403591);
dGradientValues{25}(119) = complex(0.102179,-0.39796);
dGradientValues{25}(120) = complex(0.126965,-0.390759);
dGradientValues{25}(121) = complex(0.151251,-0.382016);
dGradientValues{25}(122) = complex(0.174939,-0.371765);
dGradientValues{25}(123) = complex(0.197937,-0.360047);
dGradientValues{25}(124) = complex(0.220154,-0.346908);
dGradientValues{25}(125) = complex(0.241502,-0.3324);
dGradientValues{25}(126) = complex(0.261897,-0.31658);
dGradientValues{25}(127) = complex(0.281259,-0.29951);
dGradientValues{25}(128) = complex(0.29951,-0.281259);
dGradientValues{25}(129) = complex(0.31658,-0.261897);
dGradientValues{25}(130) = complex(0.3324,-0.241502);
dGradientValues{25}(131) = complex(0.346908,-0.220154);
dGradientValues{25}(132) = complex(0.360047,-0.197937);
dGradientValues{25}(133) = complex(0.371765,-0.174939);
dGradientValues{25}(134) = complex(0.382016,-0.151251);
dGradientValues{25}(135) = complex(0.390759,-0.126965);
dGradientValues{25}(136) = complex(0.39796,-0.102179);
dGradientValues{25}(137) = complex(0.403591,-0.0769891);
dGradientValues{25}(138) = complex(0.407629,-0.0514955);
dGradientValues{25}(139) = complex(0.410058,-0.0257986);
dGradientValues{25}(140) = complex(0.410868,-7.54728e-017);
