dMaxGradAmpl=40;
NumberOfLaunTrackPoints=60;
NumberOfLoopPoints=100;
NumberOfBrakeRunPoints=26;
dGradientValues{31}(1) = complex(0,0);
dGradientValues{31}(2) = complex(0,0);
dGradientValues{31}(3) = complex(0.0154516,-0.0327151);
dGradientValues{31}(4) = complex(0.0309031,-0.0654301);
dGradientValues{31}(5) = complex(0.0463547,-0.0981452);
dGradientValues{31}(6) = complex(0.0618063,-0.13086);
dGradientValues{31}(7) = complex(0.0772579,-0.163575);
dGradientValues{31}(8) = complex(0.0927094,-0.19629);
dGradientValues{31}(9) = complex(0.108161,-0.229005);
dGradientValues{31}(10) = complex(0.123613,-0.26172);
dGradientValues{31}(11) = complex(0.139064,-0.294436);
dGradientValues{31}(12) = complex(0.154516,-0.327151);
dGradientValues{31}(13) = complex(0.169967,-0.359866);
dGradientValues{31}(14) = complex(0.185419,-0.392581);
dGradientValues{31}(15) = complex(0.20087,-0.425296);
dGradientValues{31}(16) = complex(0.216322,-0.458011);
dGradientValues{31}(17) = complex(0.231774,-0.490726);
dGradientValues{31}(18) = complex(0.216322,-0.458011);
dGradientValues{31}(19) = complex(0.20087,-0.425296);
dGradientValues{31}(20) = complex(0.185419,-0.392581);
dGradientValues{31}(21) = complex(0.169967,-0.359866);
dGradientValues{31}(22) = complex(0.154516,-0.327151);
dGradientValues{31}(23) = complex(0.139064,-0.294436);
dGradientValues{31}(24) = complex(0.123613,-0.26172);
dGradientValues{31}(25) = complex(0.108161,-0.229005);
dGradientValues{31}(26) = complex(0.0927094,-0.19629);
dGradientValues{31}(27) = complex(0.0772579,-0.163575);
dGradientValues{31}(28) = complex(0.0618063,-0.13086);
dGradientValues{31}(29) = complex(0.0463547,-0.0981452);
dGradientValues{31}(30) = complex(0.0309031,-0.0654301);
dGradientValues{31}(31) = complex(0.0154516,-0.0327151);
dGradientValues{31}(32) = complex(0,0);
dGradientValues{31}(33) = complex(0,0);
dGradientValues{31}(34) = complex(0.03247,0.0154237);
dGradientValues{31}(35) = complex(0.0644505,0.0311385);
dGradientValues{31}(36) = complex(0.0954616,0.0474176);
dGradientValues{31}(37) = complex(0.125042,0.0644986);
dGradientValues{31}(38) = complex(0.15276,0.0825702);
dGradientValues{31}(39) = complex(0.178216,0.101762);
dGradientValues{31}(40) = complex(0.201058,0.122137);
dGradientValues{31}(41) = complex(0.22098,0.143692);
dGradientValues{31}(42) = complex(0.237729,0.166359);
dGradientValues{31}(43) = complex(0.251109,0.190009);
dGradientValues{31}(44) = complex(0.26098,0.214463);
dGradientValues{31}(45) = complex(0.26726,0.239502);
dGradientValues{31}(46) = complex(0.269919,0.264874);
dGradientValues{31}(47) = complex(0.268977,0.290307);
dGradientValues{31}(48) = complex(0.264503,0.31552);
dGradientValues{31}(49) = complex(0.256604,0.340229);
dGradientValues{31}(50) = complex(0.245424,0.364158);
dGradientValues{31}(51) = complex(0.231138,0.38704);
dGradientValues{31}(52) = complex(0.213944,0.408627);
dGradientValues{31}(53) = complex(0.19406,0.428692);
dGradientValues{31}(54) = complex(0.171719,0.447029);
dGradientValues{31}(55) = complex(0.147165,0.463457);
dGradientValues{31}(56) = complex(0.120646,0.477818);
dGradientValues{31}(57) = complex(0.0924163,0.489981);
dGradientValues{31}(58) = complex(0.0627303,0.499836);
dGradientValues{31}(59) = complex(0.0318404,0.507298);
dGradientValues{31}(60) = complex(1.91655e-016,0.511489);
dGradientValues{31}(61) = complex(-0.0321167,0.51048);
dGradientValues{31}(62) = complex(-0.0641066,0.507456);
dGradientValues{31}(63) = complex(-0.0958435,0.502429);
dGradientValues{31}(64) = complex(-0.127202,0.49542);
dGradientValues{31}(65) = complex(-0.158059,0.486455);
dGradientValues{31}(66) = complex(-0.188292,0.475571);
dGradientValues{31}(67) = complex(-0.217782,0.462809);
dGradientValues{31}(68) = complex(-0.246412,0.448221);
dGradientValues{31}(69) = complex(-0.27407,0.431865);
dGradientValues{31}(70) = complex(-0.300646,0.413803);
dGradientValues{31}(71) = complex(-0.326036,0.394109);
dGradientValues{31}(72) = complex(-0.350138,0.37286);
dGradientValues{31}(73) = complex(-0.37286,0.350138);
dGradientValues{31}(74) = complex(-0.394109,0.326036);
dGradientValues{31}(75) = complex(-0.413803,0.300646);
dGradientValues{31}(76) = complex(-0.431865,0.27407);
dGradientValues{31}(77) = complex(-0.448221,0.246412);
dGradientValues{31}(78) = complex(-0.462809,0.217782);
dGradientValues{31}(79) = complex(-0.475571,0.188292);
dGradientValues{31}(80) = complex(-0.486455,0.158059);
dGradientValues{31}(81) = complex(-0.49542,0.127202);
dGradientValues{31}(82) = complex(-0.502429,0.0958435);
dGradientValues{31}(83) = complex(-0.507456,0.0641066);
dGradientValues{31}(84) = complex(-0.51048,0.0321167);
dGradientValues{31}(85) = complex(-0.511489,1.44892e-016);
dGradientValues{31}(86) = complex(-0.51048,-0.0321167);
dGradientValues{31}(87) = complex(-0.507456,-0.0641066);
dGradientValues{31}(88) = complex(-0.502429,-0.0958435);
dGradientValues{31}(89) = complex(-0.49542,-0.127202);
dGradientValues{31}(90) = complex(-0.486455,-0.158059);
dGradientValues{31}(91) = complex(-0.475571,-0.188292);
dGradientValues{31}(92) = complex(-0.462809,-0.217782);
dGradientValues{31}(93) = complex(-0.448221,-0.246412);
dGradientValues{31}(94) = complex(-0.431865,-0.27407);
dGradientValues{31}(95) = complex(-0.413803,-0.300646);
dGradientValues{31}(96) = complex(-0.394109,-0.326036);
dGradientValues{31}(97) = complex(-0.37286,-0.350138);
dGradientValues{31}(98) = complex(-0.350138,-0.37286);
dGradientValues{31}(99) = complex(-0.326036,-0.394109);
dGradientValues{31}(100) = complex(-0.300646,-0.413803);
dGradientValues{31}(101) = complex(-0.27407,-0.431865);
dGradientValues{31}(102) = complex(-0.246412,-0.448221);
dGradientValues{31}(103) = complex(-0.217782,-0.462809);
dGradientValues{31}(104) = complex(-0.188292,-0.475571);
dGradientValues{31}(105) = complex(-0.158059,-0.486455);
dGradientValues{31}(106) = complex(-0.127202,-0.49542);
dGradientValues{31}(107) = complex(-0.0958435,-0.502429);
dGradientValues{31}(108) = complex(-0.0641066,-0.507456);
dGradientValues{31}(109) = complex(-0.0321167,-0.51048);
dGradientValues{31}(110) = complex(-6.26373e-017,-0.511489);
dGradientValues{31}(111) = complex(0.0321167,-0.51048);
dGradientValues{31}(112) = complex(0.0641066,-0.507456);
dGradientValues{31}(113) = complex(0.0958435,-0.502429);
dGradientValues{31}(114) = complex(0.127202,-0.49542);
dGradientValues{31}(115) = complex(0.158059,-0.486455);
dGradientValues{31}(116) = complex(0.188292,-0.475571);
dGradientValues{31}(117) = complex(0.217782,-0.462809);
dGradientValues{31}(118) = complex(0.246412,-0.448221);
dGradientValues{31}(119) = complex(0.27407,-0.431865);
dGradientValues{31}(120) = complex(0.300646,-0.413803);
dGradientValues{31}(121) = complex(0.326036,-0.394109);
dGradientValues{31}(122) = complex(0.350138,-0.37286);
dGradientValues{31}(123) = complex(0.37286,-0.350138);
dGradientValues{31}(124) = complex(0.394109,-0.326036);
dGradientValues{31}(125) = complex(0.413803,-0.300646);
dGradientValues{31}(126) = complex(0.431865,-0.27407);
dGradientValues{31}(127) = complex(0.448221,-0.246412);
dGradientValues{31}(128) = complex(0.462809,-0.217782);
dGradientValues{31}(129) = complex(0.475571,-0.188292);
dGradientValues{31}(130) = complex(0.486455,-0.158059);
dGradientValues{31}(131) = complex(0.49542,-0.127202);
dGradientValues{31}(132) = complex(0.502429,-0.0958435);
dGradientValues{31}(133) = complex(0.507456,-0.0641066);
dGradientValues{31}(134) = complex(0.51048,-0.0321167);
dGradientValues{31}(135) = complex(0.511489,-9.39559e-017);
dGradientValues{31}(136) = complex(0.51048,0.0321167);
dGradientValues{31}(137) = complex(0.507456,0.0641066);
dGradientValues{31}(138) = complex(0.502429,0.0958435);
dGradientValues{31}(139) = complex(0.49542,0.127202);
dGradientValues{31}(140) = complex(0.486455,0.158059);
dGradientValues{31}(141) = complex(0.475571,0.188292);
