dMaxGradAmpl=40;
NumberOfLaunTrackPoints=63;
NumberOfLoopPoints=100;
NumberOfBrakeRunPoints=24;
dGradientValues{28}(1) = complex(0,0);
dGradientValues{28}(2) = complex(0,0);
dGradientValues{28}(3) = complex(0.0109183,-0.0265112);
dGradientValues{28}(4) = complex(0.0218366,-0.0530223);
dGradientValues{28}(5) = complex(0.0327549,-0.0795335);
dGradientValues{28}(6) = complex(0.0436732,-0.106045);
dGradientValues{28}(7) = complex(0.0545915,-0.132556);
dGradientValues{28}(8) = complex(0.0655098,-0.159067);
dGradientValues{28}(9) = complex(0.0764281,-0.185578);
dGradientValues{28}(10) = complex(0.0873464,-0.212089);
dGradientValues{28}(11) = complex(0.0982648,-0.238601);
dGradientValues{28}(12) = complex(0.109183,-0.265112);
dGradientValues{28}(13) = complex(0.120101,-0.291623);
dGradientValues{28}(14) = complex(0.13102,-0.318134);
dGradientValues{28}(15) = complex(0.141938,-0.344645);
dGradientValues{28}(16) = complex(0.152856,-0.371156);
dGradientValues{28}(17) = complex(0.163775,-0.397668);
dGradientValues{28}(18) = complex(0.174693,-0.424179);
dGradientValues{28}(19) = complex(0.163775,-0.397668);
dGradientValues{28}(20) = complex(0.152856,-0.371156);
dGradientValues{28}(21) = complex(0.141938,-0.344645);
dGradientValues{28}(22) = complex(0.13102,-0.318134);
dGradientValues{28}(23) = complex(0.120101,-0.291623);
dGradientValues{28}(24) = complex(0.109183,-0.265112);
dGradientValues{28}(25) = complex(0.0982648,-0.238601);
dGradientValues{28}(26) = complex(0.0873464,-0.212089);
dGradientValues{28}(27) = complex(0.0764281,-0.185578);
dGradientValues{28}(28) = complex(0.0655098,-0.159067);
dGradientValues{28}(29) = complex(0.0545915,-0.132556);
dGradientValues{28}(30) = complex(0.0436732,-0.106045);
dGradientValues{28}(31) = complex(0.0327549,-0.0795335);
dGradientValues{28}(32) = complex(0.0218366,-0.0530223);
dGradientValues{28}(33) = complex(0.0109183,-0.0265112);
dGradientValues{28}(34) = complex(-1.69113e-017,4.10629e-017);
dGradientValues{28}(35) = complex(0,0);
dGradientValues{28}(36) = complex(0.0295194,0.0122325);
dGradientValues{28}(37) = complex(0.0586234,0.0247416);
dGradientValues{28}(38) = complex(0.0869037,0.0377878);
dGradientValues{28}(39) = complex(0.113967,0.0516002);
dGradientValues{28}(40) = complex(0.139443,0.0663646);
dGradientValues{28}(41) = complex(0.162987,0.0822133);
dGradientValues{28}(42) = complex(0.184292,0.0992202);
dGradientValues{28}(43) = complex(0.203087,0.117399);
dGradientValues{28}(44) = complex(0.219147,0.136703);
dGradientValues{28}(45) = complex(0.232291,0.157032);
dGradientValues{28}(46) = complex(0.242387,0.178239);
dGradientValues{28}(47) = complex(0.249347,0.200138);
dGradientValues{28}(48) = complex(0.253132,0.222511);
dGradientValues{28}(49) = complex(0.253743,0.245122);
dGradientValues{28}(50) = complex(0.251225,0.267722);
dGradientValues{28}(51) = complex(0.245655,0.290058);
dGradientValues{28}(52) = complex(0.237143,0.311879);
dGradientValues{28}(53) = complex(0.225829,0.332946);
dGradientValues{28}(54) = complex(0.211871,0.353029);
dGradientValues{28}(55) = complex(0.195449,0.371918);
dGradientValues{28}(56) = complex(0.176756,0.389419);
dGradientValues{28}(57) = complex(0.155995,0.40536);
dGradientValues{28}(58) = complex(0.133376,0.419589);
dGradientValues{28}(59) = complex(0.109117,0.431976);
dGradientValues{28}(60) = complex(0.0834325,0.442411);
dGradientValues{28}(61) = complex(0.0565417,0.450803);
dGradientValues{28}(62) = complex(0.02866,0.457084);
dGradientValues{28}(63) = complex(6.40014e-017,0.461179);
dGradientValues{28}(64) = complex(-0.0289577,0.460269);
dGradientValues{28}(65) = complex(-0.057801,0.457542);
dGradientValues{28}(66) = complex(-0.0864163,0.45301);
dGradientValues{28}(67) = complex(-0.114691,0.44669);
dGradientValues{28}(68) = complex(-0.142512,0.438607);
dGradientValues{28}(69) = complex(-0.169771,0.428793);
dGradientValues{28}(70) = complex(-0.19636,0.417287);
dGradientValues{28}(71) = complex(-0.222175,0.404134);
dGradientValues{28}(72) = complex(-0.247112,0.389386);
dGradientValues{28}(73) = complex(-0.271074,0.373102);
dGradientValues{28}(74) = complex(-0.293966,0.355344);
dGradientValues{28}(75) = complex(-0.315699,0.336185);
dGradientValues{28}(76) = complex(-0.336185,0.315699);
dGradientValues{28}(77) = complex(-0.355344,0.293966);
dGradientValues{28}(78) = complex(-0.373102,0.271074);
dGradientValues{28}(79) = complex(-0.389386,0.247112);
dGradientValues{28}(80) = complex(-0.404134,0.222175);
dGradientValues{28}(81) = complex(-0.417287,0.19636);
dGradientValues{28}(82) = complex(-0.428793,0.169771);
dGradientValues{28}(83) = complex(-0.438607,0.142512);
dGradientValues{28}(84) = complex(-0.44669,0.114691);
dGradientValues{28}(85) = complex(-0.45301,0.0864163);
dGradientValues{28}(86) = complex(-0.457542,0.057801);
dGradientValues{28}(87) = complex(-0.460269,0.0289577);
dGradientValues{28}(88) = complex(-0.461179,2.82381e-017);
dGradientValues{28}(89) = complex(-0.460269,-0.0289577);
dGradientValues{28}(90) = complex(-0.457542,-0.057801);
dGradientValues{28}(91) = complex(-0.45301,-0.0864163);
dGradientValues{28}(92) = complex(-0.44669,-0.114691);
dGradientValues{28}(93) = complex(-0.438607,-0.142512);
dGradientValues{28}(94) = complex(-0.428793,-0.169771);
dGradientValues{28}(95) = complex(-0.417287,-0.19636);
dGradientValues{28}(96) = complex(-0.404134,-0.222175);
dGradientValues{28}(97) = complex(-0.389386,-0.247112);
dGradientValues{28}(98) = complex(-0.373102,-0.271074);
dGradientValues{28}(99) = complex(-0.355344,-0.293966);
dGradientValues{28}(100) = complex(-0.336185,-0.315699);
dGradientValues{28}(101) = complex(-0.315699,-0.336185);
dGradientValues{28}(102) = complex(-0.293966,-0.355344);
dGradientValues{28}(103) = complex(-0.271074,-0.373102);
dGradientValues{28}(104) = complex(-0.247112,-0.389386);
dGradientValues{28}(105) = complex(-0.222175,-0.404134);
dGradientValues{28}(106) = complex(-0.19636,-0.417287);
dGradientValues{28}(107) = complex(-0.169771,-0.428793);
dGradientValues{28}(108) = complex(-0.142512,-0.438607);
dGradientValues{28}(109) = complex(-0.114691,-0.44669);
dGradientValues{28}(110) = complex(-0.0864163,-0.45301);
dGradientValues{28}(111) = complex(-0.057801,-0.457542);
dGradientValues{28}(112) = complex(-0.0289577,-0.460269);
dGradientValues{28}(113) = complex(1.48328e-016,-0.461179);
dGradientValues{28}(114) = complex(0.0289577,-0.460269);
dGradientValues{28}(115) = complex(0.057801,-0.457542);
dGradientValues{28}(116) = complex(0.0864163,-0.45301);
dGradientValues{28}(117) = complex(0.114691,-0.44669);
dGradientValues{28}(118) = complex(0.142512,-0.438607);
dGradientValues{28}(119) = complex(0.169771,-0.428793);
dGradientValues{28}(120) = complex(0.19636,-0.417287);
dGradientValues{28}(121) = complex(0.222175,-0.404134);
dGradientValues{28}(122) = complex(0.247112,-0.389386);
dGradientValues{28}(123) = complex(0.271074,-0.373102);
dGradientValues{28}(124) = complex(0.293966,-0.355344);
dGradientValues{28}(125) = complex(0.315699,-0.336185);
dGradientValues{28}(126) = complex(0.336185,-0.315699);
dGradientValues{28}(127) = complex(0.355344,-0.293966);
dGradientValues{28}(128) = complex(0.373102,-0.271074);
dGradientValues{28}(129) = complex(0.389386,-0.247112);
dGradientValues{28}(130) = complex(0.404134,-0.222175);
dGradientValues{28}(131) = complex(0.417287,-0.19636);
dGradientValues{28}(132) = complex(0.428793,-0.169771);
dGradientValues{28}(133) = complex(0.438607,-0.142512);
dGradientValues{28}(134) = complex(0.44669,-0.114691);
dGradientValues{28}(135) = complex(0.45301,-0.0864163);
dGradientValues{28}(136) = complex(0.457542,-0.057801);
dGradientValues{28}(137) = complex(0.460269,-0.0289577);
dGradientValues{28}(138) = complex(0.461179,-8.47144e-017);
dGradientValues{28}(139) = complex(0.460269,0.0289577);
dGradientValues{28}(140) = complex(0.457542,0.057801);
