dMaxGradAmpl=40;
NumberOfLaunTrackPoints=75;
NumberOfLoopPoints=100;
NumberOfBrakeRunPoints=16;
dGradientValues{19}(1) = complex(0,0);
dGradientValues{19}(2) = complex(0,0);
dGradientValues{19}(3) = complex(-0.00547672,-0.0184942);
dGradientValues{19}(4) = complex(-0.0109534,-0.0369884);
dGradientValues{19}(5) = complex(-0.0164302,-0.0554825);
dGradientValues{19}(6) = complex(-0.0219069,-0.0739767);
dGradientValues{19}(7) = complex(-0.0273836,-0.0924709);
dGradientValues{19}(8) = complex(-0.0328603,-0.110965);
dGradientValues{19}(9) = complex(-0.0383371,-0.129459);
dGradientValues{19}(10) = complex(-0.0438138,-0.147953);
dGradientValues{19}(11) = complex(-0.0492905,-0.166448);
dGradientValues{19}(12) = complex(-0.0547672,-0.184942);
dGradientValues{19}(13) = complex(-0.0602439,-0.203436);
dGradientValues{19}(14) = complex(-0.0657207,-0.22193);
dGradientValues{19}(15) = complex(-0.0711974,-0.240424);
dGradientValues{19}(16) = complex(-0.0766741,-0.258919);
dGradientValues{19}(17) = complex(-0.0821508,-0.277413);
dGradientValues{19}(18) = complex(-0.0876276,-0.295907);
dGradientValues{19}(19) = complex(-0.0821508,-0.277413);
dGradientValues{19}(20) = complex(-0.0766741,-0.258919);
dGradientValues{19}(21) = complex(-0.0711974,-0.240424);
dGradientValues{19}(22) = complex(-0.0657207,-0.22193);
dGradientValues{19}(23) = complex(-0.0602439,-0.203436);
dGradientValues{19}(24) = complex(-0.0547672,-0.184942);
dGradientValues{19}(25) = complex(-0.0492905,-0.166448);
dGradientValues{19}(26) = complex(-0.0438138,-0.147953);
dGradientValues{19}(27) = complex(-0.0383371,-0.129459);
dGradientValues{19}(28) = complex(-0.0328603,-0.110965);
dGradientValues{19}(29) = complex(-0.0273836,-0.0924709);
dGradientValues{19}(30) = complex(-0.0219069,-0.0739767);
dGradientValues{19}(31) = complex(-0.0164302,-0.0554825);
dGradientValues{19}(32) = complex(-0.0109534,-0.0369884);
dGradientValues{19}(33) = complex(-0.00547672,-0.0184942);
dGradientValues{19}(34) = complex(-1.10334e-017,-3.72585e-017);
dGradientValues{19}(35) = complex(0,0);
dGradientValues{19}(36) = complex(0.0191624,-0.00563245);
dGradientValues{19}(37) = complex(0.0382379,-0.0109882);
dGradientValues{19}(38) = complex(0.057137,-0.0158001);
dGradientValues{19}(39) = complex(0.0757663,-0.0198188);
dGradientValues{19}(40) = complex(0.0940261,-0.0228211);
dGradientValues{19}(41) = complex(0.111811,-0.0246163);
dGradientValues{19}(42) = complex(0.129009,-0.0250502);
dGradientValues{19}(43) = complex(0.145504,-0.024009);
dGradientValues{19}(44) = complex(0.161178,-0.0214193);
dGradientValues{19}(45) = complex(0.175912,-0.0172484);
dGradientValues{19}(46) = complex(0.18959,-0.0115014);
dGradientValues{19}(47) = complex(0.202102,-0.00421867);
dGradientValues{19}(48) = complex(0.213347,0.00452859);
dGradientValues{19}(49) = complex(0.223233,0.0146428);
dGradientValues{19}(50) = complex(0.231683,0.026005);
dGradientValues{19}(51) = complex(0.238631,0.0384793);
dGradientValues{19}(52) = complex(0.244028,0.0519175);
dGradientValues{19}(53) = complex(0.24784,0.0661637);
dGradientValues{19}(54) = complex(0.250045,0.0810572);
dGradientValues{19}(55) = complex(0.250639,0.0964365);
dGradientValues{19}(56) = complex(0.249629,0.112142);
dGradientValues{19}(57) = complex(0.247035,0.128016);
dGradientValues{19}(58) = complex(0.242889,0.14391);
dGradientValues{19}(59) = complex(0.237232,0.159677);
dGradientValues{19}(60) = complex(0.230117,0.175184);
dGradientValues{19}(61) = complex(0.221602,0.190301);
dGradientValues{19}(62) = complex(0.211753,0.204909);
dGradientValues{19}(63) = complex(0.200643,0.218898);
dGradientValues{19}(64) = complex(0.188348,0.232168);
dGradientValues{19}(65) = complex(0.17495,0.244626);
dGradientValues{19}(66) = complex(0.160534,0.25619);
dGradientValues{19}(67) = complex(0.145188,0.266784);
dGradientValues{19}(68) = complex(0.129002,0.276344);
dGradientValues{19}(69) = complex(0.112068,0.284811);
dGradientValues{19}(70) = complex(0.0944785,0.292136);
dGradientValues{19}(71) = complex(0.0763278,0.298276);
dGradientValues{19}(72) = complex(0.0577102,0.303198);
dGradientValues{19}(73) = complex(0.0387202,0.306874);
dGradientValues{19}(74) = complex(0.0194519,0.309283);
dGradientValues{19}(75) = complex(1.42083e-016,0.310248);
dGradientValues{19}(76) = complex(-0.0194806,0.309635);
dGradientValues{19}(77) = complex(-0.0388843,0.307801);
dGradientValues{19}(78) = complex(-0.0581346,0.304752);
dGradientValues{19}(79) = complex(-0.0771554,0.300501);
dGradientValues{19}(80) = complex(-0.0958718,0.295063);
dGradientValues{19}(81) = complex(-0.11421,0.288461);
dGradientValues{19}(82) = complex(-0.132097,0.28072);
dGradientValues{19}(83) = complex(-0.149463,0.271872);
dGradientValues{19}(84) = complex(-0.166239,0.261951);
dGradientValues{19}(85) = complex(-0.182359,0.250996);
dGradientValues{19}(86) = complex(-0.197759,0.23905);
dGradientValues{19}(87) = complex(-0.212379,0.226161);
dGradientValues{19}(88) = complex(-0.226161,0.212379);
dGradientValues{19}(89) = complex(-0.23905,0.197759);
dGradientValues{19}(90) = complex(-0.250996,0.182359);
dGradientValues{19}(91) = complex(-0.261951,0.166239);
dGradientValues{19}(92) = complex(-0.271872,0.149463);
dGradientValues{19}(93) = complex(-0.28072,0.132097);
dGradientValues{19}(94) = complex(-0.288461,0.11421);
dGradientValues{19}(95) = complex(-0.295063,0.0958718);
dGradientValues{19}(96) = complex(-0.300501,0.0771554);
dGradientValues{19}(97) = complex(-0.304752,0.0581346);
dGradientValues{19}(98) = complex(-0.307801,0.0388843);
dGradientValues{19}(99) = complex(-0.309635,0.0194806);
dGradientValues{19}(100) = complex(-0.310248,8.78854e-017);
dGradientValues{19}(101) = complex(-0.309635,-0.0194806);
dGradientValues{19}(102) = complex(-0.307801,-0.0388843);
dGradientValues{19}(103) = complex(-0.304752,-0.0581346);
dGradientValues{19}(104) = complex(-0.300501,-0.0771554);
dGradientValues{19}(105) = complex(-0.295063,-0.0958718);
dGradientValues{19}(106) = complex(-0.288461,-0.11421);
dGradientValues{19}(107) = complex(-0.28072,-0.132097);
dGradientValues{19}(108) = complex(-0.271872,-0.149463);
dGradientValues{19}(109) = complex(-0.261951,-0.166239);
dGradientValues{19}(110) = complex(-0.250996,-0.182359);
dGradientValues{19}(111) = complex(-0.23905,-0.197759);
dGradientValues{19}(112) = complex(-0.226161,-0.212379);
dGradientValues{19}(113) = complex(-0.212379,-0.226161);
dGradientValues{19}(114) = complex(-0.197759,-0.23905);
dGradientValues{19}(115) = complex(-0.182359,-0.250996);
dGradientValues{19}(116) = complex(-0.166239,-0.261951);
dGradientValues{19}(117) = complex(-0.149463,-0.271872);
dGradientValues{19}(118) = complex(-0.132097,-0.28072);
dGradientValues{19}(119) = complex(-0.11421,-0.288461);
dGradientValues{19}(120) = complex(-0.0958718,-0.295063);
dGradientValues{19}(121) = complex(-0.0771554,-0.300501);
dGradientValues{19}(122) = complex(-0.0581346,-0.304752);
dGradientValues{19}(123) = complex(-0.0388843,-0.307801);
dGradientValues{19}(124) = complex(-0.0194806,-0.309635);
dGradientValues{19}(125) = complex(-3.79931e-017,-0.310248);
dGradientValues{19}(126) = complex(0.0194806,-0.309635);
dGradientValues{19}(127) = complex(0.0388843,-0.307801);
dGradientValues{19}(128) = complex(0.0581346,-0.304752);
dGradientValues{19}(129) = complex(0.0771554,-0.300501);
dGradientValues{19}(130) = complex(0.0958718,-0.295063);
dGradientValues{19}(131) = complex(0.11421,-0.288461);
dGradientValues{19}(132) = complex(0.132097,-0.28072);
dGradientValues{19}(133) = complex(0.149463,-0.271872);
dGradientValues{19}(134) = complex(0.166239,-0.261951);
dGradientValues{19}(135) = complex(0.182359,-0.250996);
dGradientValues{19}(136) = complex(0.197759,-0.23905);
dGradientValues{19}(137) = complex(0.212379,-0.226161);
dGradientValues{19}(138) = complex(0.226161,-0.212379);
dGradientValues{19}(139) = complex(0.23905,-0.197759);
