dMaxGradAmpl=40;
NumberOfLaunTrackPoints=34;
NumberOfLoopPoints=100;
NumberOfBrakeRunPoints=3;
dGradientValues{4}(1) = complex(0,0);
dGradientValues{4}(2) = complex(0,0);
dGradientValues{4}(3) = complex(0.00734564,-0.00237613);
dGradientValues{4}(4) = complex(0.0146913,-0.00475226);
dGradientValues{4}(5) = complex(0.0220369,-0.00712839);
dGradientValues{4}(6) = complex(0.0293826,-0.00950452);
dGradientValues{4}(7) = complex(0.0367282,-0.0118807);
dGradientValues{4}(8) = complex(0.0440739,-0.0142568);
dGradientValues{4}(9) = complex(0.0514195,-0.0166329);
dGradientValues{4}(10) = complex(0.0587652,-0.019009);
dGradientValues{4}(11) = complex(0.0661108,-0.0213852);
dGradientValues{4}(12) = complex(0.0734564,-0.0237613);
dGradientValues{4}(13) = complex(0.0808021,-0.0261374);
dGradientValues{4}(14) = complex(0.0734564,-0.0237613);
dGradientValues{4}(15) = complex(0.0661108,-0.0213852);
dGradientValues{4}(16) = complex(0.0587652,-0.019009);
dGradientValues{4}(17) = complex(0.0514195,-0.0166329);
dGradientValues{4}(18) = complex(0.0440739,-0.0142568);
dGradientValues{4}(19) = complex(0.0367282,-0.0118807);
dGradientValues{4}(20) = complex(0.0293826,-0.00950452);
dGradientValues{4}(21) = complex(0.0220369,-0.00712839);
dGradientValues{4}(22) = complex(0.0146913,-0.00475226);
dGradientValues{4}(23) = complex(0.00734564,-0.00237613);
dGradientValues{4}(24) = complex(-7.92249e-018,2.56273e-018);
dGradientValues{4}(25) = complex(0,0);
dGradientValues{4}(26) = complex(0.00242271,0.00760045);
dGradientValues{4}(27) = complex(0.00461187,0.0151326);
dGradientValues{4}(28) = complex(0.00635019,0.0225238);
dGradientValues{4}(29) = complex(0.00745098,0.0296938);
dGradientValues{4}(30) = complex(0.00776901,0.0365539);
dGradientValues{4}(31) = complex(0.00720697,0.0430084);
dGradientValues{4}(32) = complex(0.00571743,0.0489582);
dGradientValues{4}(33) = complex(0.00330053,0.0543054);
dGradientValues{4}(34) = complex(-4.07282e-019,0.0586955);
dGradientValues{4}(35) = complex(-0.00368552,0.0585797);
dGradientValues{4}(36) = complex(-0.0073565,0.0582327);
dGradientValues{4}(37) = complex(-0.0109984,0.0576558);
dGradientValues{4}(38) = complex(-0.014597,0.0568515);
dGradientValues{4}(39) = complex(-0.0181379,0.0558227);
dGradientValues{4}(40) = complex(-0.0216073,0.0545737);
dGradientValues{4}(41) = complex(-0.0249913,0.0531093);
dGradientValues{4}(42) = complex(-0.0282768,0.0514352);
dGradientValues{4}(43) = complex(-0.0314506,0.0495582);
dGradientValues{4}(44) = complex(-0.0345003,0.0474856);
dGradientValues{4}(45) = complex(-0.0374139,0.0452257);
dGradientValues{4}(46) = complex(-0.0401798,0.0427872);
dGradientValues{4}(47) = complex(-0.0427872,0.0401798);
dGradientValues{4}(48) = complex(-0.0452257,0.0374139);
dGradientValues{4}(49) = complex(-0.0474856,0.0345003);
dGradientValues{4}(50) = complex(-0.0495582,0.0314506);
dGradientValues{4}(51) = complex(-0.0514352,0.0282768);
dGradientValues{4}(52) = complex(-0.0531093,0.0249913);
dGradientValues{4}(53) = complex(-0.0545737,0.0216073);
dGradientValues{4}(54) = complex(-0.0558227,0.0181379);
dGradientValues{4}(55) = complex(-0.0568515,0.014597);
dGradientValues{4}(56) = complex(-0.0576558,0.0109984);
dGradientValues{4}(57) = complex(-0.0582327,0.0073565);
dGradientValues{4}(58) = complex(-0.0585797,0.00368552);
dGradientValues{4}(59) = complex(-0.0586955,-9.43907e-018);
dGradientValues{4}(60) = complex(-0.0585797,-0.00368552);
dGradientValues{4}(61) = complex(-0.0582327,-0.0073565);
dGradientValues{4}(62) = complex(-0.0576558,-0.0109984);
dGradientValues{4}(63) = complex(-0.0568515,-0.014597);
dGradientValues{4}(64) = complex(-0.0558227,-0.0181379);
dGradientValues{4}(65) = complex(-0.0545737,-0.0216073);
dGradientValues{4}(66) = complex(-0.0531093,-0.0249913);
dGradientValues{4}(67) = complex(-0.0514352,-0.0282768);
dGradientValues{4}(68) = complex(-0.0495582,-0.0314506);
dGradientValues{4}(69) = complex(-0.0474856,-0.0345003);
dGradientValues{4}(70) = complex(-0.0452257,-0.0374139);
dGradientValues{4}(71) = complex(-0.0427872,-0.0401798);
dGradientValues{4}(72) = complex(-0.0401798,-0.0427872);
dGradientValues{4}(73) = complex(-0.0374139,-0.0452257);
dGradientValues{4}(74) = complex(-0.0345003,-0.0474856);
dGradientValues{4}(75) = complex(-0.0314506,-0.0495582);
dGradientValues{4}(76) = complex(-0.0282768,-0.0514352);
dGradientValues{4}(77) = complex(-0.0249913,-0.0531093);
dGradientValues{4}(78) = complex(-0.0216073,-0.0545737);
dGradientValues{4}(79) = complex(-0.0181379,-0.0558227);
dGradientValues{4}(80) = complex(-0.014597,-0.0568515);
dGradientValues{4}(81) = complex(-0.0109984,-0.0576558);
dGradientValues{4}(82) = complex(-0.0073565,-0.0582327);
dGradientValues{4}(83) = complex(-0.00368552,-0.0585797);
dGradientValues{4}(84) = complex(1.88781e-017,-0.0586955);
dGradientValues{4}(85) = complex(0.00368552,-0.0585797);
dGradientValues{4}(86) = complex(0.0073565,-0.0582327);
dGradientValues{4}(87) = complex(0.0109984,-0.0576558);
dGradientValues{4}(88) = complex(0.014597,-0.0568515);
dGradientValues{4}(89) = complex(0.0181379,-0.0558227);
dGradientValues{4}(90) = complex(0.0216073,-0.0545737);
dGradientValues{4}(91) = complex(0.0249913,-0.0531093);
dGradientValues{4}(92) = complex(0.0282768,-0.0514352);
dGradientValues{4}(93) = complex(0.0314506,-0.0495582);
dGradientValues{4}(94) = complex(0.0345003,-0.0474856);
dGradientValues{4}(95) = complex(0.0374139,-0.0452257);
dGradientValues{4}(96) = complex(0.0401798,-0.0427872);
dGradientValues{4}(97) = complex(0.0427872,-0.0401798);
dGradientValues{4}(98) = complex(0.0452257,-0.0374139);
dGradientValues{4}(99) = complex(0.0474856,-0.0345003);
dGradientValues{4}(100) = complex(0.0495582,-0.0314506);
dGradientValues{4}(101) = complex(0.0514352,-0.0282768);
dGradientValues{4}(102) = complex(0.0531093,-0.0249913);
dGradientValues{4}(103) = complex(0.0545737,-0.0216073);
dGradientValues{4}(104) = complex(0.0558227,-0.0181379);
dGradientValues{4}(105) = complex(0.0568515,-0.014597);
dGradientValues{4}(106) = complex(0.0576558,-0.0109984);
dGradientValues{4}(107) = complex(0.0582327,-0.0073565);
dGradientValues{4}(108) = complex(0.0585797,-0.00368552);
dGradientValues{4}(109) = complex(0.0586955,-1.07818e-017);
dGradientValues{4}(110) = complex(0.0585797,0.00368552);
dGradientValues{4}(111) = complex(0.0582327,0.0073565);
dGradientValues{4}(112) = complex(0.0576558,0.0109984);
dGradientValues{4}(113) = complex(0.0568515,0.014597);
dGradientValues{4}(114) = complex(0.0558227,0.0181379);
dGradientValues{4}(115) = complex(0.0545737,0.0216073);
dGradientValues{4}(116) = complex(0.0531093,0.0249913);
dGradientValues{4}(117) = complex(0.0514352,0.0282768);
dGradientValues{4}(118) = complex(0.0495582,0.0314506);
dGradientValues{4}(119) = complex(0.0474856,0.0345003);
dGradientValues{4}(120) = complex(0.0452257,0.0374139);
dGradientValues{4}(121) = complex(0.0427872,0.0401798);
dGradientValues{4}(122) = complex(0.0401798,0.0427872);
dGradientValues{4}(123) = complex(0.0374139,0.0452257);
dGradientValues{4}(124) = complex(0.0345003,0.0474856);
dGradientValues{4}(125) = complex(0.0314506,0.0495582);
dGradientValues{4}(126) = complex(0.0282768,0.0514352);
dGradientValues{4}(127) = complex(0.0249913,0.0531093);
dGradientValues{4}(128) = complex(0.0216073,0.0545737);
dGradientValues{4}(129) = complex(0.0181379,0.0558227);
dGradientValues{4}(130) = complex(0.014597,0.0568515);
dGradientValues{4}(131) = complex(0.0109984,0.0576558);
dGradientValues{4}(132) = complex(0.0073565,0.0582327);
dGradientValues{4}(133) = complex(0.00368552,0.0585797);
dGradientValues{4}(134) = complex(-3.77563e-017,0.0586955);
dGradientValues{4}(135) = complex(-3.77563e-017,0.0586955);
dGradientValues{4}(136) = complex(0,0.0386955);
dGradientValues{4}(137) = complex(0,0.0186955);