dMaxGradAmpl=40;
NumberOfLaunTrackPoints=61;
NumberOfLoopPoints=100;
NumberOfBrakeRunPoints=18;
dGradientValues{21}(1) = complex(0,0);
dGradientValues{21}(2) = complex(0,0);
dGradientValues{21}(3) = complex(0.00914032,-0.0225349);
dGradientValues{21}(4) = complex(0.0182806,-0.0450697);
dGradientValues{21}(5) = complex(0.027421,-0.0676046);
dGradientValues{21}(6) = complex(0.0365613,-0.0901395);
dGradientValues{21}(7) = complex(0.0457016,-0.112674);
dGradientValues{21}(8) = complex(0.0548419,-0.135209);
dGradientValues{21}(9) = complex(0.0639822,-0.157744);
dGradientValues{21}(10) = complex(0.0731225,-0.180279);
dGradientValues{21}(11) = complex(0.0822629,-0.202814);
dGradientValues{21}(12) = complex(0.0914032,-0.225349);
dGradientValues{21}(13) = complex(0.100544,-0.247884);
dGradientValues{21}(14) = complex(0.109684,-0.270418);
dGradientValues{21}(15) = complex(0.118824,-0.292953);
dGradientValues{21}(16) = complex(0.127964,-0.315488);
dGradientValues{21}(17) = complex(0.137105,-0.338023);
dGradientValues{21}(18) = complex(0.127964,-0.315488);
dGradientValues{21}(19) = complex(0.118824,-0.292953);
dGradientValues{21}(20) = complex(0.109684,-0.270418);
dGradientValues{21}(21) = complex(0.100544,-0.247884);
dGradientValues{21}(22) = complex(0.0914032,-0.225349);
dGradientValues{21}(23) = complex(0.0822629,-0.202814);
dGradientValues{21}(24) = complex(0.0731225,-0.180279);
dGradientValues{21}(25) = complex(0.0639822,-0.157744);
dGradientValues{21}(26) = complex(0.0548419,-0.135209);
dGradientValues{21}(27) = complex(0.0457016,-0.112674);
dGradientValues{21}(28) = complex(0.0365613,-0.0901395);
dGradientValues{21}(29) = complex(0.027421,-0.0676046);
dGradientValues{21}(30) = complex(0.0182806,-0.0450697);
dGradientValues{21}(31) = complex(0.00914032,-0.0225349);
dGradientValues{21}(32) = complex(-1.46053e-017,3.60085e-017);
dGradientValues{21}(33) = complex(0,0);
dGradientValues{21}(34) = complex(0.0221879,0.00905627);
dGradientValues{21}(35) = complex(0.0440634,0.0183229);
dGradientValues{21}(36) = complex(0.0653198,0.027998);
dGradientValues{21}(37) = complex(0.0856612,0.0382559);
dGradientValues{21}(38) = complex(0.104808,0.0492377);
dGradientValues{21}(39) = complex(0.122504,0.0610441);
dGradientValues{21}(40) = complex(0.138514,0.0737315);
dGradientValues{21}(41) = complex(0.152639,0.0873098);
dGradientValues{21}(42) = complex(0.164706,0.101745);
dGradientValues{21}(43) = complex(0.174581,0.11696);
dGradientValues{21}(44) = complex(0.182163,0.132844);
dGradientValues{21}(45) = complex(0.187388,0.149256);
dGradientValues{21}(46) = complex(0.190225,0.166031);
dGradientValues{21}(47) = complex(0.190677,0.18299);
dGradientValues{21}(48) = complex(0.188776,0.199946);
dGradientValues{21}(49) = complex(0.184582,0.216706);
dGradientValues{21}(50) = complex(0.178177,0.233082);
dGradientValues{21}(51) = complex(0.169667,0.248893);
dGradientValues{21}(52) = complex(0.159171,0.263965);
dGradientValues{21}(53) = complex(0.146825,0.27814);
dGradientValues{21}(54) = complex(0.132774,0.291271);
dGradientValues{21}(55) = complex(0.11717,0.30323);
dGradientValues{21}(56) = complex(0.100174,0.313901);
dGradientValues{21}(57) = complex(0.0819465,0.323186);
dGradientValues{21}(58) = complex(0.0626519,0.331003);
dGradientValues{21}(59) = complex(0.0424536,0.337284);
dGradientValues{21}(60) = complex(0.0215141,0.341977);
dGradientValues{21}(61) = complex(3.33971e-017,0.343788);
dGradientValues{21}(62) = complex(-0.0215866,0.343109);
dGradientValues{21}(63) = complex(-0.043088,0.341077);
dGradientValues{21}(64) = complex(-0.0644194,0.337698);
dGradientValues{21}(65) = complex(-0.0854966,0.332987);
dGradientValues{21}(66) = complex(-0.106236,0.326962);
dGradientValues{21}(67) = complex(-0.126557,0.319646);
dGradientValues{21}(68) = complex(-0.146378,0.311069);
dGradientValues{21}(69) = complex(-0.165621,0.301264);
dGradientValues{21}(70) = complex(-0.184211,0.29027);
dGradientValues{21}(71) = complex(-0.202073,0.27813);
dGradientValues{21}(72) = complex(-0.219139,0.264893);
dGradientValues{21}(73) = complex(-0.235339,0.250611);
dGradientValues{21}(74) = complex(-0.250611,0.235339);
dGradientValues{21}(75) = complex(-0.264893,0.219139);
dGradientValues{21}(76) = complex(-0.27813,0.202073);
dGradientValues{21}(77) = complex(-0.29027,0.184211);
dGradientValues{21}(78) = complex(-0.301264,0.165621);
dGradientValues{21}(79) = complex(-0.311069,0.146378);
dGradientValues{21}(80) = complex(-0.319646,0.126557);
dGradientValues{21}(81) = complex(-0.326962,0.106236);
dGradientValues{21}(82) = complex(-0.332987,0.0854966);
dGradientValues{21}(83) = complex(-0.337698,0.0644194);
dGradientValues{21}(84) = complex(-0.341077,0.043088);
dGradientValues{21}(85) = complex(-0.343109,0.0215866);
dGradientValues{21}(86) = complex(-0.343788,-5.5286e-017);
dGradientValues{21}(87) = complex(-0.343109,-0.0215866);
dGradientValues{21}(88) = complex(-0.341077,-0.043088);
dGradientValues{21}(89) = complex(-0.337698,-0.0644194);
dGradientValues{21}(90) = complex(-0.332987,-0.0854966);
dGradientValues{21}(91) = complex(-0.326962,-0.106236);
dGradientValues{21}(92) = complex(-0.319646,-0.126557);
dGradientValues{21}(93) = complex(-0.311069,-0.146378);
dGradientValues{21}(94) = complex(-0.301264,-0.165621);
dGradientValues{21}(95) = complex(-0.29027,-0.184211);
dGradientValues{21}(96) = complex(-0.27813,-0.202073);
dGradientValues{21}(97) = complex(-0.264893,-0.219139);
dGradientValues{21}(98) = complex(-0.250611,-0.235339);
dGradientValues{21}(99) = complex(-0.235339,-0.250611);
dGradientValues{21}(100) = complex(-0.219139,-0.264893);
dGradientValues{21}(101) = complex(-0.202073,-0.27813);
dGradientValues{21}(102) = complex(-0.184211,-0.29027);
dGradientValues{21}(103) = complex(-0.165621,-0.301264);
dGradientValues{21}(104) = complex(-0.146378,-0.311069);
dGradientValues{21}(105) = complex(-0.126557,-0.319646);
dGradientValues{21}(106) = complex(-0.106236,-0.326962);
dGradientValues{21}(107) = complex(-0.0854966,-0.332987);
dGradientValues{21}(108) = complex(-0.0644194,-0.337698);
dGradientValues{21}(109) = complex(-0.043088,-0.341077);
dGradientValues{21}(110) = complex(-0.0215866,-0.343109);
dGradientValues{21}(111) = complex(1.10572e-016,-0.343788);
dGradientValues{21}(112) = complex(0.0215866,-0.343109);
dGradientValues{21}(113) = complex(0.043088,-0.341077);
dGradientValues{21}(114) = complex(0.0644194,-0.337698);
dGradientValues{21}(115) = complex(0.0854966,-0.332987);
dGradientValues{21}(116) = complex(0.106236,-0.326962);
dGradientValues{21}(117) = complex(0.126557,-0.319646);
dGradientValues{21}(118) = complex(0.146378,-0.311069);
dGradientValues{21}(119) = complex(0.165621,-0.301264);
dGradientValues{21}(120) = complex(0.184211,-0.29027);
dGradientValues{21}(121) = complex(0.202073,-0.27813);
dGradientValues{21}(122) = complex(0.219139,-0.264893);
dGradientValues{21}(123) = complex(0.235339,-0.250611);
dGradientValues{21}(124) = complex(0.250611,-0.235339);
dGradientValues{21}(125) = complex(0.264893,-0.219139);
dGradientValues{21}(126) = complex(0.27813,-0.202073);
dGradientValues{21}(127) = complex(0.29027,-0.184211);
dGradientValues{21}(128) = complex(0.301264,-0.165621);
dGradientValues{21}(129) = complex(0.311069,-0.146378);
dGradientValues{21}(130) = complex(0.319646,-0.126557);
dGradientValues{21}(131) = complex(0.326962,-0.106236);
dGradientValues{21}(132) = complex(0.332987,-0.0854966);
dGradientValues{21}(133) = complex(0.337698,-0.0644194);
dGradientValues{21}(134) = complex(0.341077,-0.043088);
dGradientValues{21}(135) = complex(0.343109,-0.0215866);
dGradientValues{21}(136) = complex(0.343788,-6.31507e-017);
dGradientValues{21}(137) = complex(0.343109,0.0215866);
dGradientValues{21}(138) = complex(0.341077,0.043088);
dGradientValues{21}(139) = complex(0.337698,0.0644194);
dGradientValues{21}(140) = complex(0.332987,0.0854966);
