dMaxGradAmpl=40;
NumberOfLaunTrackPoints=70;
NumberOfLoopPoints=100;
NumberOfBrakeRunPoints=13;
dGradientValues{15}(1) = complex(0,0);
dGradientValues{15}(2) = complex(0,0);
dGradientValues{15}(3) = complex(3.74785e-005,-0.0151176);
dGradientValues{15}(4) = complex(7.49571e-005,-0.0302352);
dGradientValues{15}(5) = complex(0.000112436,-0.0453529);
dGradientValues{15}(6) = complex(0.000149914,-0.0604705);
dGradientValues{15}(7) = complex(0.000187393,-0.0755881);
dGradientValues{15}(8) = complex(0.000224871,-0.0907057);
dGradientValues{15}(9) = complex(0.00026235,-0.105823);
dGradientValues{15}(10) = complex(0.000299828,-0.120941);
dGradientValues{15}(11) = complex(0.000337307,-0.136059);
dGradientValues{15}(12) = complex(0.000374785,-0.151176);
dGradientValues{15}(13) = complex(0.000412264,-0.166294);
dGradientValues{15}(14) = complex(0.000449743,-0.181411);
dGradientValues{15}(15) = complex(0.000487221,-0.196529);
dGradientValues{15}(16) = complex(0.0005247,-0.211647);
dGradientValues{15}(17) = complex(0.000562178,-0.226764);
dGradientValues{15}(18) = complex(0.000599657,-0.241882);
dGradientValues{15}(19) = complex(0.000562178,-0.226764);
dGradientValues{15}(20) = complex(0.0005247,-0.211647);
dGradientValues{15}(21) = complex(0.000487221,-0.196529);
dGradientValues{15}(22) = complex(0.000449743,-0.181411);
dGradientValues{15}(23) = complex(0.000412264,-0.166294);
dGradientValues{15}(24) = complex(0.000374785,-0.151176);
dGradientValues{15}(25) = complex(0.000337307,-0.136059);
dGradientValues{15}(26) = complex(0.000299828,-0.120941);
dGradientValues{15}(27) = complex(0.00026235,-0.105823);
dGradientValues{15}(28) = complex(0.000224871,-0.0907057);
dGradientValues{15}(29) = complex(0.000187393,-0.0755881);
dGradientValues{15}(30) = complex(0.000149914,-0.0604705);
dGradientValues{15}(31) = complex(0.000112436,-0.0453529);
dGradientValues{15}(32) = complex(7.49571e-005,-0.0302352);
dGradientValues{15}(33) = complex(3.74785e-005,-0.0151176);
dGradientValues{15}(34) = complex(-4.12857e-020,1.66533e-017);
dGradientValues{15}(35) = complex(0,0);
dGradientValues{15}(36) = complex(0.0159778,7.26168e-005);
dGradientValues{15}(37) = complex(0.0318229,0.000341311);
dGradientValues{15}(38) = complex(0.047403,0.000994136);
dGradientValues{15}(39) = complex(0.0625864,0.00220362);
dGradientValues{15}(40) = complex(0.0772434,0.00412025);
dGradientValues{15}(41) = complex(0.0912467,0.00686733);
dGradientValues{15}(42) = complex(0.104473,0.0105374);
dGradientValues{15}(43) = complex(0.116806,0.0151904);
dGradientValues{15}(44) = complex(0.128136,0.0208533);
dGradientValues{15}(45) = complex(0.138364,0.0275215);
dGradientValues{15}(46) = complex(0.147401,0.035161);
dGradientValues{15}(47) = complex(0.155171,0.0437121);
dGradientValues{15}(48) = complex(0.161615,0.053093);
dGradientValues{15}(49) = complex(0.166685,0.063204);
dGradientValues{15}(50) = complex(0.17035,0.0739321);
dGradientValues{15}(51) = complex(0.172593,0.0851548);
dGradientValues{15}(52) = complex(0.173413,0.096744);
dGradientValues{15}(53) = complex(0.172821,0.108569);
dGradientValues{15}(54) = complex(0.170841,0.1205);
dGradientValues{15}(55) = complex(0.167508,0.132411);
dGradientValues{15}(56) = complex(0.162868,0.144177);
dGradientValues{15}(57) = complex(0.156974,0.155685);
dGradientValues{15}(58) = complex(0.149888,0.166824);
dGradientValues{15}(59) = complex(0.141678,0.177493);
dGradientValues{15}(60) = complex(0.132417,0.1876);
dGradientValues{15}(61) = complex(0.122183,0.197062);
dGradientValues{15}(62) = complex(0.111054,0.205801);
dGradientValues{15}(63) = complex(0.0991149,0.213752);
dGradientValues{15}(64) = complex(0.0864492,0.220855);
dGradientValues{15}(65) = complex(0.0731425,0.227061);
dGradientValues{15}(66) = complex(0.0592808,0.232326);
dGradientValues{15}(67) = complex(0.0449503,0.236615);
dGradientValues{15}(68) = complex(0.0302366,0.2399);
dGradientValues{15}(69) = complex(0.0152248,0.242159);
dGradientValues{15}(70) = complex(6.41178e-017,0.243167);
dGradientValues{15}(71) = complex(-0.0152686,0.242687);
dGradientValues{15}(72) = complex(-0.0304769,0.24125);
dGradientValues{15}(73) = complex(-0.045565,0.23886);
dGradientValues{15}(74) = complex(-0.0604732,0.235527);
dGradientValues{15}(75) = complex(-0.0751427,0.231266);
dGradientValues{15}(76) = complex(-0.0895158,0.226091);
dGradientValues{15}(77) = complex(-0.103535,0.220024);
dGradientValues{15}(78) = complex(-0.117147,0.213089);
dGradientValues{15}(79) = complex(-0.130295,0.205313);
dGradientValues{15}(80) = complex(-0.14293,0.196726);
dGradientValues{15}(81) = complex(-0.155,0.187363);
dGradientValues{15}(82) = complex(-0.166459,0.177261);
dGradientValues{15}(83) = complex(-0.177261,0.166459);
dGradientValues{15}(84) = complex(-0.187363,0.155);
dGradientValues{15}(85) = complex(-0.196726,0.14293);
dGradientValues{15}(86) = complex(-0.205313,0.130295);
dGradientValues{15}(87) = complex(-0.213089,0.117147);
dGradientValues{15}(88) = complex(-0.220024,0.103535);
dGradientValues{15}(89) = complex(-0.226091,0.0895158);
dGradientValues{15}(90) = complex(-0.231266,0.0751427);
dGradientValues{15}(91) = complex(-0.235527,0.0604732);
dGradientValues{15}(92) = complex(-0.23886,0.045565);
dGradientValues{15}(93) = complex(-0.24125,0.0304769);
dGradientValues{15}(94) = complex(-0.242687,0.0152686);
dGradientValues{15}(95) = complex(-0.243167,1.48892e-017);
dGradientValues{15}(96) = complex(-0.242687,-0.0152686);
dGradientValues{15}(97) = complex(-0.24125,-0.0304769);
dGradientValues{15}(98) = complex(-0.23886,-0.045565);
dGradientValues{15}(99) = complex(-0.235527,-0.0604732);
dGradientValues{15}(100) = complex(-0.231266,-0.0751427);
dGradientValues{15}(101) = complex(-0.226091,-0.0895158);
dGradientValues{15}(102) = complex(-0.220024,-0.103535);
dGradientValues{15}(103) = complex(-0.213089,-0.117147);
dGradientValues{15}(104) = complex(-0.205313,-0.130295);
dGradientValues{15}(105) = complex(-0.196726,-0.14293);
dGradientValues{15}(106) = complex(-0.187363,-0.155);
dGradientValues{15}(107) = complex(-0.177261,-0.166459);
dGradientValues{15}(108) = complex(-0.166459,-0.177261);
dGradientValues{15}(109) = complex(-0.155,-0.187363);
dGradientValues{15}(110) = complex(-0.14293,-0.196726);
dGradientValues{15}(111) = complex(-0.130295,-0.205313);
dGradientValues{15}(112) = complex(-0.117147,-0.213089);
dGradientValues{15}(113) = complex(-0.103535,-0.220024);
dGradientValues{15}(114) = complex(-0.0895158,-0.226091);
dGradientValues{15}(115) = complex(-0.0751427,-0.231266);
dGradientValues{15}(116) = complex(-0.0604732,-0.235527);
dGradientValues{15}(117) = complex(-0.045565,-0.23886);
dGradientValues{15}(118) = complex(-0.0304769,-0.24125);
dGradientValues{15}(119) = complex(-0.0152686,-0.242687);
dGradientValues{15}(120) = complex(-2.97784e-017,-0.243167);
dGradientValues{15}(121) = complex(0.0152686,-0.242687);
dGradientValues{15}(122) = complex(0.0304769,-0.24125);
dGradientValues{15}(123) = complex(0.045565,-0.23886);
dGradientValues{15}(124) = complex(0.0604732,-0.235527);
dGradientValues{15}(125) = complex(0.0751427,-0.231266);
dGradientValues{15}(126) = complex(0.0895158,-0.226091);
dGradientValues{15}(127) = complex(0.103535,-0.220024);
dGradientValues{15}(128) = complex(0.117147,-0.213089);
dGradientValues{15}(129) = complex(0.130295,-0.205313);
dGradientValues{15}(130) = complex(0.14293,-0.196726);
dGradientValues{15}(131) = complex(0.155,-0.187363);
dGradientValues{15}(132) = complex(0.166459,-0.177261);
dGradientValues{15}(133) = complex(0.177261,-0.166459);
dGradientValues{15}(134) = complex(0.187363,-0.155);
dGradientValues{15}(135) = complex(0.196726,-0.14293);
dGradientValues{15}(136) = complex(0.205313,-0.130295);
dGradientValues{15}(137) = complex(0.213089,-0.117147);
dGradientValues{15}(138) = complex(0.220024,-0.103535);
